-1.757881760597229004e+00 -1.776796698570251465e+00
-8.892997503280639648e-01 -3.128885030746459961e-01
-2.733031272888183594e+00 -2.770296096801757812e+00
-4.039144814014434814e-01 -5.015317201614379883e-01
1.165917634963989258e+00 1.229859232902526855e+00
1.075453519821166992e+00 1.176308035850524902e+00
2.817698009312152863e-02 8.024805784225463867e-02
3.656990826129913330e-01 2.967085242271423340e-01
1.026332497596740723e+00 1.247943997383117676e+00
-1.511731147766113281e-01 -2.558759450912475586e-01
-3.250545024871826172e+00 -3.347029685974121094e+00
-4.885922372341156006e-01 -8.225769400596618652e-01
1.891889095306396484e+00 1.845992684364318848e+00
1.231712102890014648e+00 1.478978753089904785e+00
2.604738235473632812e+00 2.627174615859985352e+00
-1.487628102302551270e+00 -1.435629248619079590e+00
-1.335941553115844727e-01 -1.577631533145904541e-01
-9.855759143829345703e-02 2.847987785935401917e-02
2.811489701271057129e-01 2.181290984153747559e-01
8.296201229095458984e-01 9.862202405929565430e-01
-2.903907597064971924e-01 -3.344251513481140137e-01
-1.413699425756931305e-02 -1.450214534997940063e-01
5.686647891998291016e+00 5.729558944702148438e+00
5.401982069015502930e-01 6.374408602714538574e-01
1.657526016235351562e+00 1.678619265556335449e+00
8.626956939697265625e-01 1.015345335006713867e+00
3.938870668411254883e+00 4.072533607482910156e+00
4.260301113128662109e+00 4.120827198028564453e+00
-1.303897351026535034e-01 -2.585189417004585266e-02
4.679465591907501221e-01 3.296505808830261230e-01
-7.798507809638977051e-01 -7.622572779655456543e-01
-2.284184932708740234e+00 -2.361126661300659180e+00
2.203879594802856445e+00 2.222168684005737305e+00
-3.556534767150878906e+00 -3.483409643173217773e+00
4.414930045604705811e-01 3.158056139945983887e-01
-3.006778717041015625e+00 -3.254259824752807617e+00
-2.734080553054809570e+00 -2.748687505722045898e+00
2.269771099090576172e+00 2.150432348251342773e+00
4.069929599761962891e+00 4.176428794860839844e+00
-2.130470514297485352e+00 -2.191519498825073242e+00
5.628619670867919922e+00 5.281020164489746094e+00
4.247501373291015625e+00 3.536891698837280273e+00
-3.359204053878784180e+00 -3.453978776931762695e+00
-3.543584823608398438e+00 -3.404137611389160156e+00
7.598959803581237793e-01 8.519082665443420410e-01
-1.191290616989135742e+00 -1.261469841003417969e+00
-3.101922273635864258e+00 -3.140892505645751953e+00
-2.801371812820434570e+00 -2.936596155166625977e+00
7.843916893005371094e+00 7.949091911315917969e+00
-1.119124650955200195e+00 -1.164592027664184570e+00
-2.849164009094238281e-01 -2.552928328514099121e-01
8.545962572097778320e-01 8.531116843223571777e-01
-1.105206370353698730e+00 -1.236212849617004395e+00
1.455449223518371582e+00 1.338073968887329102e+00
-2.531371116638183594e+00 -2.755030155181884766e+00
-1.294555425643920898e+00 -1.514568448066711426e+00
4.552600532770156860e-02 2.797269225120544434e-01
4.778138101100921631e-01 5.471705794334411621e-01
2.285938262939453125e+00 2.223652124404907227e+00
9.550873041152954102e-01 8.156728148460388184e-01
1.055764317512512207e+00 1.141829729080200195e+00
-1.512646824121475220e-01 -1.270422041416168213e-01
-5.435643792152404785e-01 -4.053018689155578613e-01
2.278508543968200684e-01 1.425887644290924072e-01
-5.578129887580871582e-01 -1.250245720148086548e-01
-3.679436445236206055e+00 -3.630736112594604492e+00
1.707699447870254517e-01 1.200132369995117188e-01
-7.737808823585510254e-01 -8.269912600517272949e-01
2.727223634719848633e+00 2.714949369430541992e+00
3.172990322113037109e+00 3.064410924911499023e+00
-3.826789140701293945e+00 -3.687947511672973633e+00
-2.592346966266632080e-01 -2.718368172645568848e-01
3.566040992736816406e+00 3.734402418136596680e+00
-6.881735920906066895e-01 -9.074053168296813965e-01
-3.084338307380676270e-01 -2.449952214956283569e-01
-2.935474872589111328e+00 -3.158758878707885742e+00
5.935080528259277344e+00 5.754747867584228516e+00
3.625299692153930664e+00 3.901867389678955078e+00
-1.125014543533325195e+00 -1.093294024467468262e+00
1.825249433517456055e+00 1.821793198585510254e+00
1.375342011451721191e+00 1.322517871856689453e+00
-3.733218312263488770e-01 -4.068234562873840332e-01
-3.071915149688720703e+00 -3.247293233871459961e+00
2.968916893005371094e+00 3.047056913375854492e+00
2.933039188385009766e+00 3.057581186294555664e+00
3.635082960128784180e+00 3.591588258743286133e+00
1.837950795888900757e-01 1.244216784834861755e-01
-2.351938486099243164e-01 -3.502319455146789551e-01
-2.648005485534667969e+00 -2.608070611953735352e+00
-3.167489528656005859e+00 -2.969790935516357422e+00
-2.313841819763183594e+00 -2.333572626113891602e+00
-2.227408289909362793e-01 -1.200567930936813354e-01
-5.856761932373046875e-01 -4.818660616874694824e-01
-3.156687974929809570e+00 -3.125870466232299805e+00
-2.766319990158081055e+00 -2.833650827407836914e+00
5.099487900733947754e-01 4.472697973251342773e-01
1.725958704948425293e+00 1.938120245933532715e+00
-9.115052819252014160e-01 -1.099294185638427734e+00
2.303162068128585815e-01 1.416583061218261719e-01
-1.225508332252502441e+00 -1.375830650329589844e+00
-1.832817196846008301e+00 -1.867634654045104980e+00
2.639973759651184082e-01 2.237673699855804443e-01
-4.902057349681854248e-01 -2.981497645378112793e-01
3.381611824035644531e+00 3.147203207015991211e+00
-1.690135955810546875e+00 -1.690602779388427734e+00
-2.307441473007202148e+00 -1.734950184822082520e+00
-8.945764303207397461e-01 -9.486290216445922852e-01
2.243575811386108398e+00 1.948815464973449707e+00
8.212126493453979492e-01 8.429723978042602539e-01
6.171007156372070312e+00 6.101498603820800781e+00
-1.618513941764831543e+00 -1.780774712562561035e+00
3.059784889221191406e+00 2.923488378524780273e+00
-1.797914654016494751e-01 -2.178533822298049927e-01
-1.845687627792358398e+00 -1.710893988609313965e+00
-2.577615976333618164e-01 -2.245328873395919800e-01
1.148194313049316406e+00 1.129101157188415527e+00
6.409497261047363281e-01 6.755291819572448730e-01
2.477550208568572998e-01 2.549554109573364258e-01
1.977607846260070801e+00 2.014549016952514648e+00
1.811625063419342041e-01 -2.774329185485839844e-01
1.510286927223205566e+00 1.334179639816284180e+00
6.561545133590698242e-01 6.038348674774169922e-01
1.201599121093750000e+00 9.737360477447509766e-01
9.581881761550903320e-01 8.999703526496887207e-01
9.193180799484252930e-01 9.010093808174133301e-01
-7.972813248634338379e-01 -8.401566147804260254e-01
-1.288644075393676758e+00 -1.320046186447143555e+00
7.733635902404785156e-01 6.677761673927307129e-01
4.734248816967010498e-01 5.622143149375915527e-01
6.119914531707763672e+00 6.068578720092773438e+00
1.240451097488403320e+00 1.190294146537780762e+00
-1.287762641906738281e+00 -1.314212203025817871e+00
-3.364197909832000732e-01 -3.098636269569396973e-01
-3.289361000061035156e-01 -3.090182542800903320e-01
1.266934815794229507e-02 -7.215887308120727539e-02
-5.716603994369506836e-01 -6.022989153861999512e-01
-2.624126970767974854e-01 -3.448892235755920410e-01
-3.251447379589080811e-01 -3.357641696929931641e-01
1.797002077102661133e+00 1.867617964744567871e+00
1.389236450195312500e-01 -8.831231296062469482e-02
-1.888052225112915039e+00 -2.134426355361938477e+00
1.829835057258605957e+00 1.692750096321105957e+00
-4.845533967018127441e-01 -3.821167945861816406e-01
4.944864809513092041e-01 4.311907887458801270e-01
-2.353889495134353638e-01 -2.337709814310073853e-01
1.233136415481567383e+00 1.162329792976379395e+00
1.150681376457214355e+00 9.974547028541564941e-01
1.961097307503223419e-02 1.878259629011154175e-01
5.874015808105468750e+00 6.056853294372558594e+00
-1.196741104125976562e+00 -1.205085873603820801e+00
-2.828630208969116211e+00 -2.919142007827758789e+00
-1.068112134933471680e+00 -1.136824250221252441e+00
-7.394174933433532715e-01 -8.681961894035339355e-01
-2.125391721725463867e+00 -2.168424367904663086e+00
7.384074687957763672e+00 7.400179386138916016e+00
-6.435618996620178223e-01 -6.990134119987487793e-01
2.127641677856445312e+00 2.200637102127075195e+00
9.285253286361694336e-01 8.846886754035949707e-01
-3.260440349578857422e+00 -3.397234201431274414e+00
2.023227691650390625e+00 1.845681190490722656e+00
1.534112215042114258e+00 1.324735283851623535e+00
-3.616762638092041016e+00 -3.647026538848876953e+00
-1.919868946075439453e+00 -1.731322169303894043e+00
-2.739895284175872803e-01 -2.313642352819442749e-01
7.212955355644226074e-01 8.072142601013183594e-01
-8.918530941009521484e-01 -9.579344987869262695e-01
-2.288250923156738281e+00 -2.473293304443359375e+00
2.402764512225985527e-04 1.086903363466262817e-02
-1.104856014251708984e+00 -1.170494675636291504e+00
2.142313718795776367e+00 2.154351472854614258e+00
2.074979782104492188e+00 2.047613620758056641e+00
-5.368396639823913574e-01 -4.929950833320617676e-01
-3.621408045291900635e-01 -4.435553550720214844e-01
1.754731535911560059e-01 1.785075068473815918e-01
3.511196374893188477e-01 2.037730365991592407e-01
3.380146324634552002e-01 3.067977428436279297e-01
2.543251276016235352e+00 2.630597829818725586e+00
-3.524964153766632080e-01 -3.129262328147888184e-01
-1.491891622543334961e+00 -1.529189229011535645e+00
8.913706541061401367e-01 9.109368920326232910e-01
5.363708972930908203e+00 5.340937614440917969e+00
3.196118474006652832e-01 3.353582024574279785e-01
-9.900436401367187500e-01 -1.001769423484802246e+00
-3.528020381927490234e+00 -3.558791160583496094e+00
-8.420546650886535645e-01 -8.527661561965942383e-01
1.649569749832153320e+00 1.600239157676696777e+00
-1.076505899429321289e+00 -1.143820166587829590e+00
-1.910700321197509766e+00 -2.125129461288452148e+00
-1.417021393775939941e+00 -1.603448510169982910e+00
-8.143113851547241211e-01 -7.240396142005920410e-01
-3.058603286743164062e+00 -2.965975046157836914e+00
-8.475011587142944336e-01 -7.639542222023010254e-01
-2.749539017677307129e-01 -2.873817086219787598e-01
1.004472896456718445e-01 3.262509033083915710e-02
-9.433479607105255127e-02 -7.328660041093826294e-02
-2.320007562637329102e+00 -2.406614065170288086e+00
3.433821678161621094e+00 3.387479066848754883e+00
3.505237102508544922e-01 4.647027850151062012e-01
3.201378583908081055e+00 3.229544878005981445e+00
1.540360301733016968e-01 2.376996427774429321e-01
-1.461117267608642578e+00 -1.207520604133605957e+00
-8.761061429977416992e-01 -7.913800477981567383e-01
-2.149798393249511719e+00 -2.224277257919311523e+00
-3.471255064010620117e+00 -3.341796159744262695e+00
-2.641255259513854980e-01 -2.981570363044738770e-01
2.493300199508666992e+00 2.363414287567138672e+00
-3.437808752059936523e-01 -1.942444592714309692e-01
1.071046471595764160e+00 9.688300490379333496e-01
-2.237203121185302734e+00 -2.172581911087036133e+00
2.341173648834228516e+00 2.163372278213500977e+00
-3.704449415206909180e+00 -3.652929306030273438e+00
4.014857411384582520e-01 2.615459859371185303e-01
1.430891871452331543e+00 1.551278591156005859e+00
-1.022095084190368652e+00 -1.061853051185607910e+00
-3.487094402313232422e+00 -3.461058855056762695e+00
-5.766187310218811035e-01 -7.795068621635437012e-01
1.920594334602355957e+00 1.763891100883483887e+00
4.328591823577880859e+00 4.388749122619628906e+00
-1.662893533706665039e+00 -1.562719941139221191e+00
3.863457441329956055e+00 3.846217632293701172e+00
-8.405419588088989258e-01 -1.001050591468811035e+00
5.716418743133544922e+00 5.872998237609863281e+00
1.655132393352687359e-03 -1.861152499914169312e-01
1.344324052333831787e-01 1.500380039215087891e-01
-7.315891981124877930e-01 -5.969097018241882324e-01
8.254392147064208984e-01 8.377734422683715820e-01
-5.482835173606872559e-01 -5.640370249748229980e-01
-9.530699849128723145e-01 -8.522867560386657715e-01
3.640155076980590820e+00 3.674530506134033203e+00
3.365387201309204102e+00 3.425102949142456055e+00
-2.453982353210449219e+00 -2.406865835189819336e+00
-2.950601816177368164e+00 -2.732234001159667969e+00
-7.040891051292419434e-02 -1.393017917871475220e-01
-4.382487237453460693e-01 -6.294674277305603027e-01
2.485147953033447266e+00 2.321054220199584961e+00
1.434851646423339844e+00 1.570120334625244141e+00
-1.727997899055480957e+00 -1.634812474250793457e+00
-1.609067916870117188e+00 -1.773962616920471191e+00
-3.139944076538085938e+00 -3.125969171524047852e+00
3.333425760269165039e+00 3.273833513259887695e+00
1.445581793785095215e+00 1.357166767120361328e+00
-6.797639131546020508e-01 -6.611104607582092285e-01
-2.502602338790893555e+00 -2.629089117050170898e+00
-5.346972942352294922e-01 -5.527382493019104004e-01
-4.248483479022979736e-01 -6.267303824424743652e-01
1.466982841491699219e+00 1.352121829986572266e+00
-5.157668590545654297e-01 -4.648438692092895508e-01
-1.478610277175903320e+00 -1.592725396156311035e+00
9.655537456274032593e-02 7.389321923255920410e-02
1.813402652740478516e+00 1.788862347602844238e+00
-1.119510173797607422e+00 -1.161749005317687988e+00
2.300439596176147461e+00 2.367464780807495117e+00
-1.694159060716629028e-01 -2.325682491064071655e-01
-1.729924440383911133e+00 -1.830772042274475098e+00
1.017638087272644043e+00 1.064292430877685547e+00
-8.617560863494873047e-01 -8.541897535324096680e-01
3.261474132537841797e+00 3.328271150588989258e+00
1.623112797737121582e+00 1.465896964073181152e+00
6.031694889068603516e+00 5.826851844787597656e+00
5.518418550491333008e-01 5.552425384521484375e-01
1.691637039184570312e+00 2.405419111251831055e+00
1.229987263679504395e+00 1.172281384468078613e+00
-1.226376652717590332e+00 -1.265991330146789551e+00
-7.928112745285034180e-01 -7.360743880271911621e-01
4.572206437587738037e-01 6.571767926216125488e-01
1.587113618850708008e+00 1.638935923576354980e+00
-5.433624982833862305e-01 -5.121093392372131348e-01
1.898704767227172852e+00 1.901084423065185547e+00
3.290804386138916016e+00 3.222459793090820312e+00
3.224686861038208008e+00 3.216920137405395508e+00
7.058898210525512695e-01 7.985082268714904785e-01
8.420023918151855469e-01 8.569132089614868164e-01
1.340660214424133301e+00 1.302878975868225098e+00
-3.483647823333740234e+00 -3.459165334701538086e+00
-1.091637372970581055e+00 -1.191971540451049805e+00
-1.703235864639282227e+00 -1.642628312110900879e+00
-2.873530149459838867e+00 -2.700983524322509766e+00
4.784102439880371094e+00 4.849641799926757812e+00
5.762522220611572266e-01 5.714046359062194824e-01
-2.160798072814941406e+00 -2.159091234207153320e+00
-2.277397155761718750e+00 -2.161580324172973633e+00
-1.066261768341064453e+00 -8.944027423858642578e-01
1.896625995635986328e+00 1.812340140342712402e+00
5.096715092658996582e-01 3.619623184204101562e-01
1.970429182052612305e+00 1.783250331878662109e+00
2.318165004253387451e-01 5.543105006217956543e-01
-5.625185966491699219e-01 -5.769935250282287598e-01
2.087323963642120361e-01 1.333901584148406982e-01
-3.485282897949218750e+00 -3.530051469802856445e+00
-6.366296410560607910e-01 -5.795748233795166016e-01
3.862497091293334961e+00 3.787403821945190430e+00
-3.315928876399993896e-01 -2.800772786140441895e-01
-9.127955436706542969e-01 -7.821988463401794434e-01
-1.289698362350463867e+00 -1.223698019981384277e+00
-3.092524707317352295e-01 -3.830625414848327637e-01
5.373603343963623047e+00 5.356926441192626953e+00
-4.821163415908813477e-01 -3.750233054161071777e-01
1.077209949493408203e+00 1.172605156898498535e+00
1.128642082214355469e+00 1.200069069862365723e+00
-2.025218963623046875e+00 -2.108739376068115234e+00
-2.823928594589233398e+00 -2.902537584304809570e+00
1.260485768318176270e+00 1.161060094833374023e+00
-1.060210704803466797e+00 -1.311012268066406250e+00
-1.226466894149780273e+00 -1.299569487571716309e+00
-1.895045995712280273e+00 -2.069868326187133789e+00
-1.125369191169738770e+00 -1.129759192466735840e+00
2.651278674602508545e-01 -5.990118533372879028e-02
1.870593547821044922e+00 1.826969981193542480e+00
1.961799502372741699e+00 2.116925239562988281e+00
3.232306718826293945e+00 3.318067789077758789e+00
2.427956163883209229e-01 4.056419730186462402e-01
-1.614388227462768555e+00 -1.402800440788269043e+00
2.304677665233612061e-01 2.264609187841415405e-01
-1.479595184326171875e+00 -1.536912798881530762e+00
-4.276377201080322266e+00 -2.981027841567993164e+00
1.272614002227783203e+00 7.948601841926574707e-01
-1.124645829200744629e+00 -1.085867285728454590e+00
-7.104454040527343750e-01 -1.288068890571594238e+00
9.163047075271606445e-01 8.185924887657165527e-01
-3.412708282470703125e+00 -3.307824850082397461e+00
-4.702611565589904785e-01 -4.729744791984558105e-01
-1.126155138015747070e+00 -1.171718835830688477e+00
-2.133571207523345947e-01 -1.948786675930023193e-01
1.459682226181030273e+00 1.103839993476867676e+00
-3.496129274368286133e+00 -3.448692798614501953e+00
1.938837885856628418e+00 2.049915313720703125e+00
1.307761311531066895e+00 1.195048689842224121e+00
-2.007417678833007812e+00 -2.090236663818359375e+00
4.498061656951904297e+00 4.591296195983886719e+00
1.322504281997680664e+00 1.360937237739562988e+00
9.954322576522827148e-01 1.035774111747741699e+00
-1.377667546272277832e+00 -1.167153835296630859e+00
1.205404043197631836e+00 1.229947090148925781e+00
1.331261098384857178e-01 9.280556440353393555e-02
-4.305786490440368652e-01 -4.449884295463562012e-01
-5.014731287956237793e-01 -4.311653971672058105e-01
4.926961287856101990e-02 6.468255817890167236e-02
9.924398660659790039e-01 9.924097061157226562e-01
2.092603206634521484e+00 2.001188278198242188e+00
8.213308453559875488e-01 9.255465865135192871e-01
-2.359131336212158203e+00 -2.635955095291137695e+00
1.334321618080139160e+00 1.036053180694580078e+00
1.534933090209960938e+00 1.323407053947448730e+00
3.493821918964385986e-01 2.082845270633697510e-01
-5.576779842376708984e-01 -6.840545535087585449e-01
1.927673101425170898e+00 2.005646705627441406e+00
-2.326647043228149414e+00 -2.438824892044067383e+00
-3.951152861118316650e-01 -4.625537991523742676e-01
-1.380207300186157227e+00 -1.379961133003234863e+00
-2.024803161621093750e-01 -3.212710618972778320e-01
-4.935240149497985840e-01 -5.793201327323913574e-01
1.776966691017150879e+00 1.919496893882751465e+00
1.643966078758239746e+00 1.785977959632873535e+00
-2.581887722015380859e+00 -2.577912569046020508e+00
3.311658859252929688e+00 3.295367717742919922e+00
-3.570458590984344482e-01 -2.337709814310073853e-01
-2.162436485290527344e+00 -2.030188083648681641e+00
-1.131051182746887207e+00 -1.291962742805480957e+00
1.952348113059997559e+00 1.919006466865539551e+00
1.020025253295898438e+00 1.152788400650024414e+00
1.572117924690246582e+00 1.538109779357910156e+00
7.185034155845642090e-01 8.431459069252014160e-01
4.540791511535644531e+00 4.304274559020996094e+00
-1.912982106208801270e+00 -1.897114157676696777e+00
3.101955652236938477e+00 2.921889066696166992e+00
-9.153963625431060791e-02 -1.313289105892181396e-01
1.005555510520935059e+00 1.077887058258056641e+00
-4.114683568477630615e-01 -3.927384614944458008e-01
-8.069689869880676270e-01 -8.346943259239196777e-01
1.672648429870605469e+00 1.350340247154235840e+00
1.455272793769836426e+00 1.172672390937805176e+00
-1.852684020996093750e+00 -1.717093348503112793e+00
-2.236767053604125977e+00 -2.340754747390747070e+00
3.121509075164794922e+00 3.044293642044067383e+00
1.082650899887084961e+00 1.299870133399963379e+00
9.792625904083251953e-01 1.072392463684082031e+00
1.606735587120056152e+00 1.627287387847900391e+00
3.506936430931091309e-01 4.085875153541564941e-01
-2.054364204406738281e+00 -2.241658449172973633e+00
1.259106278419494629e+00 1.436205029487609863e+00
-8.514047414064407349e-02 -1.487551480531692505e-01
1.678557753562927246e+00 1.669554829597473145e+00
1.519729614257812500e+00 1.299538016319274902e+00
2.072010993957519531e+00 2.034961700439453125e+00
-1.295645475387573242e+00 -1.275971174240112305e+00
5.303464531898498535e-01 3.652275204658508301e-01
4.354908466339111328e-01 3.838069438934326172e-01
2.153558015823364258e+00 1.984676599502563477e+00
-4.309713244438171387e-01 -3.159995079040527344e-01
-8.982582688331604004e-01 -8.869071006774902344e-01
1.687589764595031738e+00 1.693977952003479004e+00
1.049430847167968750e+00 1.080068469047546387e+00
-3.582386970520019531e-01 -3.463931679725646973e-01
-1.805186867713928223e-01 -1.958173960447311401e-01
1.757855415344238281e+00 1.709048867225646973e+00
8.850802183151245117e-01 9.708808064460754395e-01
-1.476644277572631836e+00 -1.497928380966186523e+00
9.608127474784851074e-01 8.465937376022338867e-01
-1.404764533042907715e+00 -1.459834218025207520e+00
-1.322836041450500488e+00 -1.477106928825378418e+00
1.470679283142089844e+00 1.330090999603271484e+00
7.390320897102355957e-01 7.069818377494812012e-01
3.477133035659790039e+00 3.363581418991088867e+00
1.908206820487976074e+00 1.859528899192810059e+00
8.984645009040832520e-01 7.870101332664489746e-01
-3.703346848487854004e-01 -4.271123409271240234e-01
9.181497693061828613e-01 8.800863027572631836e-01
-5.351728200912475586e-01 -6.634329557418823242e-01
2.934026956558227539e+00 2.781934499740600586e+00
-9.965452551841735840e-01 -1.031910777091979980e+00
2.189260482788085938e+00 2.143313884735107422e+00
2.554224967956542969e+00 2.769772291183471680e+00
-4.841148853302001953e-01 -3.519694805145263672e-01
-6.298857331275939941e-01 -7.096046805381774902e-01
2.199989318847656250e+00 2.004865884780883789e+00
9.890558719635009766e-01 1.080923199653625488e+00
-8.043088912963867188e-01 -9.076555967330932617e-01
1.129881963133811951e-01 -1.001482680439949036e-01
-2.061791896820068359e+00 -2.005027532577514648e+00
7.606497406959533691e-01 5.712321400642395020e-01
-8.901915550231933594e-01 -9.360337853431701660e-01
-2.298761129379272461e+00 -2.340834379196166992e+00
2.054549306631088257e-01 -1.213817447423934937e-01
3.540806293487548828e+00 3.420312404632568359e+00
1.415438055992126465e+00 1.298635363578796387e+00
-3.239963531494140625e+00 -3.336677312850952148e+00
-2.997615337371826172e+00 -2.902688503265380859e+00
7.557736039161682129e-01 7.403892874717712402e-01
4.396134376525878906e+00 4.409659385681152344e+00
-3.876562416553497314e-01 -4.075667858123779297e-01
1.603407979011535645e+00 1.596128106117248535e+00
5.536822676658630371e-01 6.507978439331054688e-01
6.687435507774353027e-01 5.158432722091674805e-01
7.723041176795959473e-01 1.040098786354064941e+00
7.660592198371887207e-01 8.288773894309997559e-01
-2.109038680791854858e-01 -5.131667852401733398e-02
1.680574536323547363e+00 1.640641450881958008e+00
1.180901765823364258e+00 1.126305460929870605e+00
1.118675589561462402e+00 1.082171797752380371e+00
-1.182192683219909668e+00 -1.156328797340393066e+00
-2.287043809890747070e+00 -2.159556150436401367e+00
9.039475917816162109e-01 8.830149769783020020e-01
2.191806793212890625e+00 2.362226247787475586e+00
1.594591617584228516e+00 1.573440909385681152e+00
1.438929677009582520e+00 1.470600843429565430e+00
-1.215797305107116699e+00 -9.141815304756164551e-01
-3.957713544368743896e-01 -3.167501688003540039e-01
2.634840965270996094e+00 2.569348812103271484e+00
-1.513497158885002136e-02 -3.566620945930480957e-01
-1.496759891510009766e+00 -1.266529440879821777e+00
-1.312389850616455078e+00 -1.519661307334899902e+00
6.278868913650512695e-01 7.733724713325500488e-01
2.952963829040527344e+00 2.772776365280151367e+00
1.471343755722045898e+00 1.512823581695556641e+00
-2.099397778511047363e-01 -1.371314078569412231e-01
2.840414524078369141e+00 2.754501581192016602e+00
3.099655151367187500e+00 2.994291543960571289e+00
9.484089612960815430e-01 9.270700216293334961e-01
2.378003597259521484e+00 2.402496576309204102e+00
6.667634248733520508e-01 6.161489486694335938e-01
1.291925430297851562e+00 1.330381393432617188e+00
-4.856097400188446045e-01 -6.855465769767761230e-01
2.410407781600952148e+00 2.603615045547485352e+00
-1.467531919479370117e+00 -1.430466532707214355e+00
-1.135282278060913086e+00 -1.178747296333312988e+00
-2.512311697006225586e+00 -2.481899499893188477e+00
-9.978422522544860840e-01 -1.163109660148620605e+00
-8.494359850883483887e-01 -8.250550627708435059e-01
-4.563018381595611572e-01 -5.044237375259399414e-01
-2.191035270690917969e+00 -1.930143594741821289e+00
-8.347583413124084473e-01 -8.602334260940551758e-01
3.680575191974639893e-01 4.973668456077575684e-01
-1.050667762756347656e+00 -8.785696625709533691e-01
5.736947655677795410e-01 5.691993236541748047e-01
-2.972671747207641602e+00 -2.846162080764770508e+00
-6.626351475715637207e-01 -7.022357583045959473e-01
-1.900167822837829590e+00 -1.834817528724670410e+00
-4.246362686157226562e+00 -3.349575519561767578e+00
-9.757646918296813965e-01 -8.761913776397705078e-01
9.881065785884857178e-02 1.667315512895584106e-01
1.384056448936462402e+00 1.532448172569274902e+00
1.229890465736389160e+00 1.155927300453186035e+00
-5.802850723266601562e-01 -3.981127142906188965e-01
1.688704490661621094e+00 1.644227623939514160e+00
-1.626351356506347656e+00 -1.891264557838439941e+00
9.103456735610961914e-01 8.068811297416687012e-01
-2.831654846668243408e-01 -6.722876429557800293e-02
-2.279805660247802734e+00 -2.405982494354248047e+00
1.473105311393737793e+00 1.467813014984130859e+00
-2.496112823486328125e+00 -2.578466653823852539e+00
8.424251079559326172e-01 7.302522063255310059e-01
2.087096691131591797e+00 2.146013498306274414e+00
2.568600416183471680e+00 2.348061800003051758e+00
2.434313297271728516e+00 2.522110700607299805e+00
2.393115997314453125e+00 2.356576681137084961e+00
5.159557461738586426e-01 4.991872310638427734e-01
-8.472604304552078247e-02 -9.743215888738632202e-02
-4.133130311965942383e-01 -2.356794625520706177e-01
1.332930445671081543e+00 1.256023764610290527e+00
1.791457772254943848e+00 1.748676538467407227e+00
-2.063787460327148438e+00 -2.560991764068603516e+00
1.425388216972351074e+00 1.405266165733337402e+00
2.341642975807189941e-01 3.768886327743530273e-01
-3.417181074619293213e-01 -5.083034634590148926e-01
-1.180535316467285156e+00 -1.223598957061767578e+00
-6.383875012397766113e-01 -6.226599812507629395e-01
-3.031946718692779541e-01 -4.001460671424865723e-01
3.863733053207397461e+00 3.877800703048706055e+00
1.741508603096008301e+00 1.750926375389099121e+00
2.787259578704833984e+00 2.740077733993530273e+00
-9.004531502723693848e-01 -9.621906280517578125e-01
-1.147580265998840332e+00 -1.276152014732360840e+00
1.161507129669189453e+00 1.130161404609680176e+00
-2.367108762264251709e-01 -3.359451889991760254e-01
9.648638367652893066e-01 8.885704278945922852e-01
5.965002179145812988e-01 3.319837450981140137e-01
1.317550182342529297e+00 1.226493239402770996e+00
-3.691890954971313477e+00 -3.655159235000610352e+00
2.220673799514770508e+00 1.902040123939514160e+00
-2.506175041198730469e+00 -2.270262002944946289e+00
-5.742946267127990723e-01 -7.599061727523803711e-01
1.759726107120513916e-01 2.802423760294914246e-02
-9.254121184349060059e-01 -9.354896545410156250e-01
-7.001018524169921875e-01 -7.952911853790283203e-01
9.770203828811645508e-01 1.132485747337341309e+00
-3.428090214729309082e-01 -3.846164345741271973e-01
1.678552746772766113e+00 1.771453142166137695e+00
-1.031796813011169434e+00 -9.766901135444641113e-01
-7.655112147331237793e-01 -6.498671174049377441e-01
1.035228133201599121e+00 1.083976387977600098e+00
1.797031879425048828e+00 1.804332852363586426e+00
-1.670652627944946289e+00 -1.485098958015441895e+00
-1.305773615837097168e+00 -1.208845257759094238e+00
-2.005953550338745117e+00 -1.889967918395996094e+00
7.475575208663940430e-01 8.735355734825134277e-01
-1.312360167503356934e-01 -1.892004460096359253e-01
-1.179608702659606934e+00 -1.417397856712341309e+00
1.257059872150421143e-01 6.152698993682861328e-01
1.952957868576049805e+00 1.792594075202941895e+00
-7.463431954383850098e-01 -8.166838884353637695e-01
-2.325447559356689453e+00 -2.434816122055053711e+00
6.547904014587402344e-01 7.057953476905822754e-01
-2.473196268081665039e+00 -2.371854066848754883e+00
-2.716552972793579102e+00 -2.576442956924438477e+00
7.257103323936462402e-01 7.524164319038391113e-01
-5.493335127830505371e-01 -6.132281422615051270e-01
1.244053602218627930e+00 1.303320765495300293e+00
1.421160817146301270e+00 1.360070109367370605e+00
1.939208149909973145e+00 2.026435613632202148e+00
1.356551289558410645e+00 1.358689427375793457e+00
1.845970153808593750e+00 1.901836872100830078e+00
2.083954811096191406e+00 2.306013345718383789e+00
-9.813517332077026367e-01 -1.001884222030639648e+00
-1.824514031410217285e+00 -1.744429826736450195e+00
1.401976794004440308e-01 2.382192164659500122e-01
4.303284585475921631e-01 9.279170632362365723e-01
-8.911291360855102539e-01 -8.754305243492126465e-01
7.363623380661010742e-01 9.782777428627014160e-01
-2.493226677179336548e-01 -3.050935864448547363e-01
3.703956127166748047e+00 3.639147996902465820e+00
3.696368634700775146e-01 2.610937356948852539e-01
1.140360236167907715e+00 1.178470373153686523e+00
-9.245678782463073730e-01 -9.737717509269714355e-01
-1.922120213508605957e+00 -1.620677351951599121e+00
5.238726139068603516e-01 6.205177903175354004e-01
-8.819603919982910156e-01 -1.075737118721008301e+00
-6.051530241966247559e-01 -4.959419965744018555e-01
2.299674786627292633e-02 4.789597354829311371e-03
-1.566228628158569336e+00 -1.463994383811950684e+00
-1.038838982582092285e+00 -1.044829249382019043e+00
2.231551147997379303e-02 -1.399516314268112183e-02
7.662035822868347168e-01 8.048300743103027344e-01
1.728497743606567383e+00 1.656553387641906738e+00
-2.282772511243820190e-01 -2.798572182655334473e-01
4.858847618103027344e+00 4.768921375274658203e+00
3.328737258911132812e+00 3.234944581985473633e+00
5.212621092796325684e-01 4.785963892936706543e-01
2.125855386257171631e-01 3.640481233596801758e-01
1.330110669136047363e+00 1.398821711540222168e+00
1.042780518531799316e+00 1.155269742012023926e+00
-6.139261126518249512e-01 -6.266380548477172852e-01
1.481544226408004761e-01 1.463636457920074463e-01
-8.611238598823547363e-01 -9.594939351081848145e-01
1.531184077262878418e+00 1.537446856498718262e+00
3.206343352794647217e-01 4.123506546020507812e-01
1.437822222709655762e+00 1.419237732887268066e+00
-3.348203003406524658e-01 -2.142400592565536499e-01
2.914214134216308594e+00 2.910263061523437500e+00
1.000783801078796387e+00 1.011934041976928711e+00
1.634587526321411133e+00 1.611216425895690918e+00
-3.740498721599578857e-01 -3.097670078277587891e-01
5.435015559196472168e-01 6.126723289489746094e-01
-1.655326932668685913e-01 -2.253357470035552979e-01
1.768605470657348633e+00 1.687741279602050781e+00
-6.107450723648071289e-01 -4.407089948654174805e-01
3.161839246749877930e+00 3.070739507675170898e+00
1.797530531883239746e+00 1.870059609413146973e+00
6.334713935852050781e+00 6.272680282592773438e+00
-3.282181322574615479e-01 -1.975456625223159790e-01
1.166640445590019226e-01 8.689789474010467529e-02
6.804821491241455078e-01 6.402726769447326660e-01
-2.513798475265502930e-01 -2.941606044769287109e-01
-3.437778234481811523e+00 -3.540388822555541992e+00
3.284348845481872559e-01 2.536647915840148926e-01
-1.543851494789123535e-01 -6.759981811046600342e-02
-2.359009742736816406e+00 -2.462650060653686523e+00
1.257581233978271484e+00 1.370014071464538574e+00
4.565026760101318359e+00 4.555726528167724609e+00
2.062818855047225952e-01 -2.008578181266784668e-02
-2.086983919143676758e-01 -2.119355350732803345e-01
8.609076142311096191e-01 8.392943739891052246e-01
2.417570114135742188e+00 2.297591924667358398e+00
-3.617469787597656250e+00 -3.611249685287475586e+00
8.908293843269348145e-01 7.808594107627868652e-01
-4.522157907485961914e-01 -3.670403957366943359e-01
-5.883119106292724609e-01 -7.559962272644042969e-01
-2.707878351211547852e+00 -2.803980112075805664e+00
-5.306034684181213379e-01 -4.554363489151000977e-01
3.107785463333129883e+00 3.151765108108520508e+00
-3.991774097084999084e-02 -1.335425525903701782e-01
-2.138574361801147461e+00 -1.989979147911071777e+00
-2.862475872039794922e+00 -2.957368135452270508e+00
1.840813636779785156e+00 1.794376492500305176e+00
1.503439784049987793e+00 1.467631936073303223e+00
-1.953905224800109863e+00 -2.019273042678833008e+00
8.178716301918029785e-01 7.283899784088134766e-01
-2.289746046066284180e+00 -2.147188425064086914e+00
3.425671100616455078e+00 3.465452432632446289e+00
-7.668644189834594727e-01 -7.625007629394531250e-01
-5.567733645439147949e-01 -6.219732165336608887e-01
-2.374908924102783203e-01 -2.388960868120193481e-01
-4.933393895626068115e-01 -6.796591877937316895e-01
6.195504188537597656e+00 6.000405311584472656e+00
2.269405364990234375e+00 2.233957767486572266e+00
3.273393392562866211e+00 3.273117542266845703e+00
-2.619633078575134277e-01 -3.141992092132568359e-01
3.139334201812744141e+00 3.228131532669067383e+00
1.089159369468688965e+00 1.099857687950134277e+00
1.567986369132995605e+00 1.540474772453308105e+00
3.205782771110534668e-01 2.184615284204483032e-01
-2.045549869537353516e+00 -1.916337728500366211e+00
6.900917291641235352e-01 5.860782265663146973e-01
-4.563868939876556396e-01 -5.058203339576721191e-01
4.299043178558349609e+00 4.245436191558837891e+00
8.957177996635437012e-01 9.296622872352600098e-01
3.195359230041503906e+00 3.023803949356079102e+00
1.231652498245239258e+00 1.067939043045043945e+00
3.392298698425292969e+00 3.324470996856689453e+00
-1.255069017410278320e+00 -1.215157151222229004e+00
-1.536569595336914062e+00 -1.660658717155456543e+00
-7.183847427368164062e-01 -8.411255478858947754e-01
1.969594001770019531e+00 1.911517977714538574e+00
-2.460008382797241211e+00 -2.462538957595825195e+00
-3.011505603790283203e+00 -2.760671854019165039e+00
-5.383840203285217285e-01 -3.256269097328186035e-01
5.751550674438476562e+00 5.801216125488281250e+00
-1.699398159980773926e+00 -1.662787079811096191e+00
2.077369213104248047e+00 1.809067010879516602e+00
-2.488498926162719727e+00 -2.511670827865600586e+00
1.624891996383666992e+00 1.538906693458557129e+00
4.002410888671875000e+00 4.161238670349121094e+00
1.860715746879577637e+00 1.886457443237304688e+00
-2.743325233459472656e-01 -4.063745141029357910e-01
2.446505069732666016e+00 2.241511821746826172e+00
1.722752928733825684e+00 1.490557551383972168e+00
3.503187179565429688e+00 3.394226074218750000e+00
-3.600583225488662720e-02 7.881151884794235229e-02
2.409927248954772949e-01 1.506001502275466919e-01
1.456732988357543945e+00 1.427398324012756348e+00
1.699394822120666504e+00 1.894932270050048828e+00
-3.330603837966918945e+00 -3.359759807586669922e+00
2.276021957397460938e+00 2.288334131240844727e+00
-7.683687806129455566e-01 -6.332780122756958008e-01
8.693962097167968750e-01 8.175066113471984863e-01
-1.018836975097656250e+00 -1.042731523513793945e+00
6.055820941925048828e+00 5.988573074340820312e+00
-1.104316592216491699e+00 -1.242908000946044922e+00
2.814423799514770508e+00 2.937892436981201172e+00
8.150092363357543945e-01 7.351077198982238770e-01
-8.885307312011718750e-01 -8.333061337471008301e-01
1.422201514244079590e+00 1.369288086891174316e+00
-1.463581323623657227e+00 -1.706405043601989746e+00
1.886609792709350586e+00 1.945174098014831543e+00
2.639068603515625000e+00 2.685105562210083008e+00
-3.246047198772430420e-01 -3.751811981201171875e-01
-8.248779773712158203e-01 -9.688546061515808105e-01
4.144196510314941406e+00 4.145344257354736328e+00
3.049847364425659180e+00 3.099610567092895508e+00
8.010162115097045898e-01 8.217121958732604980e-01
5.969610214233398438e-01 6.148277521133422852e-01
-2.330839633941650391e+00 -2.297718286514282227e+00
-1.550486981868743896e-01 -4.021051526069641113e-02
1.808016896247863770e-01 1.100273281335830688e-01
1.058290123939514160e+00 1.107046365737915039e+00
-1.037998080253601074e+00 -8.834719061851501465e-01
7.581702470779418945e-01 8.503543734550476074e-01
1.076908230781555176e+00 8.380236029624938965e-01
-2.270092248916625977e+00 -2.388800859451293945e+00
-9.759973883628845215e-01 -9.279109835624694824e-01
-1.390912294387817383e+00 -1.457128047943115234e+00
6.042186021804809570e-01 5.064166188240051270e-01
-6.429003477096557617e-01 -6.406691074371337891e-01
-1.573330909013748169e-01 -1.130840033292770386e-01
-1.846038103103637695e+00 -2.028634786605834961e+00
-8.679764717817306519e-02 5.495307594537734985e-02
-2.526052474975585938e+00 -1.851395964622497559e+00
9.484391659498214722e-02 1.337279528379440308e-01
7.577449321746826172e+00 7.547822952270507812e+00
-2.783657312393188477e+00 -2.975578069686889648e+00
4.225639402866363525e-01 5.507735013961791992e-01
-6.869225502014160156e-01 -6.057626008987426758e-01
-2.185632228851318359e+00 -2.297135829925537109e+00
8.623075485229492188e-01 6.070292592048645020e-01
2.195174932479858398e+00 1.915511250495910645e+00
2.506477117538452148e+00 2.558271646499633789e+00
7.874865531921386719e-01 8.481142520904541016e-01
-9.490203857421875000e-01 -1.077011227607727051e+00
3.253070712089538574e-01 4.714970588684082031e-01
-3.134557962417602539e+00 -3.186118841171264648e+00
6.252900958061218262e-01 4.971923828125000000e-01
2.872886657714843750e-01 2.741258740425109863e-01
-1.961617946624755859e+00 -2.039872169494628906e+00
-3.141059637069702148e+00 -2.962323904037475586e+00
3.436056375503540039e-01 3.648645281791687012e-01
2.038906097412109375e+00 2.171874523162841797e+00
-2.761032879352569580e-01 -3.035476207733154297e-01
1.084087491035461426e+00 1.067147612571716309e+00
1.602357029914855957e+00 1.419109582901000977e+00
8.672794699668884277e-01 6.975509524345397949e-01
4.932159781455993652e-01 4.526615738868713379e-01
3.941917181015014648e+00 4.079524993896484375e+00
-2.690939426422119141e+00 -2.890952348709106445e+00
1.120502710342407227e+00 1.122145295143127441e+00
6.333560943603515625e-01 6.183325052261352539e-01
2.189497947692871094e+00 2.065525054931640625e+00
-1.923285573720932007e-01 -1.960323601961135864e-01
1.560760855674743652e+00 1.673284411430358887e+00
4.132111370563507080e-01 3.775238990783691406e-01
-1.677201628684997559e+00 -1.854407787322998047e+00
1.326660990715026855e+00 1.328074812889099121e+00
-3.524452447891235352e-01 -4.531341195106506348e-01
-3.785933554172515869e-02 -2.620558142662048340e-01
-4.370633959770202637e-01 -5.540134906768798828e-01
3.454054594039916992e+00 3.497513055801391602e+00
-2.590939998626708984e+00 -2.623227834701538086e+00
1.413229107856750488e+00 1.422488331794738770e+00
1.495279908180236816e+00 1.448260188102722168e+00
1.790238738059997559e+00 2.058537006378173828e+00
7.583234310150146484e-01 8.734146952629089355e-01
-2.217705011367797852e+00 -2.258548021316528320e+00
-1.915449142456054688e+00 -1.888728618621826172e+00
1.118500232696533203e+00 9.191079735755920410e-01
8.659467697143554688e-01 9.535111784934997559e-01
3.570100545883178711e+00 3.548625469207763672e+00
1.823955774307250977e+00 1.916202545166015625e+00
-3.237594366073608398e+00 -3.064599752426147461e+00
7.432543039321899414e-01 5.569514632225036621e-01
-2.223984956741333008e+00 -2.147941589355468750e+00
1.722227811813354492e+00 1.705197215080261230e+00
-2.311371564865112305e+00 -2.552372694015502930e+00
1.156497955322265625e+00 1.444856762886047363e+00
-1.518302708864212036e-01 -1.134787648916244507e-01
-1.319927930831909180e+00 -1.248455405235290527e+00
9.082803726196289062e-01 8.413977026939392090e-01
-8.540211319923400879e-01 -8.369794487953186035e-01
9.248904138803482056e-02 -1.614819839596748352e-02
-6.740179657936096191e-01 -6.733905673027038574e-01
1.827579855918884277e+00 1.770260691642761230e+00
2.316565275192260742e+00 2.064708232879638672e+00
-6.522608399391174316e-01 -4.116792082786560059e-01
1.233949780464172363e+00 1.202891707420349121e+00
-5.065067410469055176e-01 -6.235968470573425293e-01
-1.903005838394165039e+00 -1.848278403282165527e+00
1.457297444343566895e+00 1.499860882759094238e+00
-1.255726695060729980e+00 -1.221207022666931152e+00
1.575821876525878906e+00 1.482278347015380859e+00
-8.072648644447326660e-01 -7.866922616958618164e-01
5.374261736869812012e-01 5.152343511581420898e-01
4.029189702123403549e-03 -7.865779101848602295e-03
-5.188734829425811768e-02 -1.427635699510574341e-01
-1.174767374992370605e+00 -1.059901118278503418e+00
4.590393006801605225e-01 4.532715678215026855e-01
-1.286930918693542480e+00 -1.251128792762756348e+00
1.278900384902954102e+00 1.248723864555358887e+00
1.318016171455383301e+00 1.333964228630065918e+00
1.257745504379272461e+00 1.361803531646728516e+00
-2.398957729339599609e+00 -2.392328262329101562e+00
-1.356296986341476440e-01 -2.574050426483154297e-01
2.368043661117553711e+00 2.408969402313232422e+00
6.936916708946228027e-02 8.887132257223129272e-02
-2.998183071613311768e-01 -3.344107866287231445e-01
-1.736845523118972778e-01 -1.638109683990478516e-01
1.395891189575195312e+00 1.509225130081176758e+00
-5.263620615005493164e-01 -3.911520242691040039e-01
-3.578528165817260742e-01 -4.018090367317199707e-01
3.411509752273559570e+00 3.350492715835571289e+00
7.128866910934448242e-01 6.119289994239807129e-01
-1.823374152183532715e+00 -1.772604107856750488e+00
5.255292415618896484e+00 5.265680313110351562e+00
-7.852023243904113770e-01 -7.938219308853149414e-01
1.941189289093017578e+00 1.875622749328613281e+00
-1.009643077850341797e+00 -7.351078391075134277e-01
1.051482558250427246e+00 1.073846101760864258e+00
-6.902031600475311279e-03 2.061033993959426880e-02
6.736503243446350098e-01 6.865046024322509766e-01
1.137191176414489746e+00 1.160146832466125488e+00
3.486766099929809570e+00 3.439652204513549805e+00
1.976280212402343750e+00 1.876031160354614258e+00
1.695873618125915527e+00 1.730065226554870605e+00
6.018781185150146484e+00 5.811060905456542969e+00
-1.716891646385192871e+00 -1.868997216224670410e+00
-6.762499809265136719e-01 -6.422566175460815430e-01
-2.708199739456176758e+00 -2.759188890457153320e+00
8.080159425735473633e-01 1.026698589324951172e+00
1.719758152961730957e+00 1.688274264335632324e+00
7.196351289749145508e-01 5.935592651367187500e-01
1.935967504978179932e-01 3.161130547523498535e-01
-2.807972431182861328e+00 -2.872468233108520508e+00
1.233084917068481445e+00 1.208683609962463379e+00
4.783409118652343750e+00 4.633551597595214844e+00
-7.649446725845336914e-01 -6.759930849075317383e-01
-2.328599929809570312e+00 -2.456428766250610352e+00
8.198221325874328613e-01 7.175436615943908691e-01
9.272347390651702881e-02 5.914773046970367432e-02
6.852845549583435059e-01 6.635795235633850098e-01
8.646104484796524048e-02 9.710409492254257202e-02
-1.888000607490539551e+00 -1.814271450042724609e+00
-1.794684529304504395e+00 -1.851966142654418945e+00
-2.261705636978149414e+00 -2.343073606491088867e+00
-1.839278697967529297e+00 -1.962048292160034180e+00
4.053359031677246094e+00 4.075308322906494141e+00
-6.367160677909851074e-01 -5.047374367713928223e-01
2.072077274322509766e+00 1.889463067054748535e+00
2.560818672180175781e+00 2.505240678787231445e+00
-9.167089462280273438e-01 -1.059367299079895020e+00
6.606996059417724609e-01 8.667851090431213379e-01
4.659308433532714844e+00 4.701527595520019531e+00
-1.599822282791137695e+00 -1.622232556343078613e+00
-1.004574775695800781e+00 -1.122577786445617676e+00
-3.156342208385467529e-01 -4.520574212074279785e-01
-5.605906844139099121e-01 -6.482517123222351074e-01
2.303904056549072266e+00 2.210199832916259766e+00
-6.520467996597290039e-01 -5.422099232673645020e-01
-2.603297233581542969e+00 -2.515559434890747070e+00
1.785338401794433594e+00 1.880383133888244629e+00
-2.688223361968994141e+00 -2.736795663833618164e+00
-3.289452075958251953e+00 -3.200503110885620117e+00
2.861095964908599854e-01 4.149129986763000488e-01
-5.085133910179138184e-01 -5.741308331489562988e-01
5.807412862777709961e-01 4.677366018295288086e-01
-3.020298004150390625e+00 -3.061938524246215820e+00
-2.201225459575653076e-01 -2.514117956161499023e-01
2.513351678848266602e+00 2.576715230941772461e+00
-8.548141717910766602e-01 -6.971093416213989258e-01
5.690553411841392517e-02 -9.693969041109085083e-03
-4.990907907485961914e-01 -2.437093406915664673e-01
1.199261471629142761e-01 4.287331700325012207e-01
-1.667210102081298828e+00 -1.387257456779479980e+00
-1.726014971733093262e+00 -1.827948927879333496e+00
6.193830966949462891e-01 7.231454253196716309e-01
-1.116443634033203125e+00 -1.145149350166320801e+00
-1.692062735557556152e+00 -1.770585656166076660e+00
-2.012161254882812500e+00 -1.844072699546813965e+00
1.063434600830078125e+00 1.090760231018066406e+00
-2.242110729217529297e+00 -2.191519498825073242e+00
2.579138576984405518e-01 3.246844410896301270e-01
2.718874454498291016e+00 2.742935419082641602e+00
-2.817945957183837891e+00 -2.796293497085571289e+00
2.485923290252685547e+00 2.651718854904174805e+00
1.704283714294433594e+00 1.700558543205261230e+00
-8.343602418899536133e-01 -9.999875426292419434e-01
1.100025892257690430e+00 1.275685191154479980e+00
-8.423705399036407471e-02 2.688907384872436523e-01
3.266087174415588379e-02 2.439224421977996826e-01
4.070570468902587891e+00 4.047718048095703125e+00
1.030224338173866272e-01 8.075101673603057861e-02
1.159574508666992188e+00 9.994442462921142578e-01
1.676884412765502930e+00 1.623956799507141113e+00
-2.120834589004516602e+00 -1.984137177467346191e+00
9.682421088218688965e-01 7.886825203895568848e-01
3.568024560809135437e-02 -2.496073395013809204e-02
7.212164998054504395e-01 7.188660502433776855e-01
-8.495894670486450195e-01 -8.027038574218750000e-01
2.889021635055541992e+00 2.908021211624145508e+00
-2.602787971496582031e+00 -2.346817731857299805e+00
1.262493014335632324e+00 1.194437623023986816e+00
-1.531735658645629883e-01 -1.027136892080307007e-01
3.337454497814178467e-01 1.497790366411209106e-01
-3.653971850872039795e-01 -5.368765592575073242e-01
-8.882904648780822754e-01 -1.093369960784912109e+00
1.184295773506164551e+00 1.171679615974426270e+00
-2.440494298934936523e+00 -2.449499845504760742e+00
-1.628080368041992188e+00 -1.665884137153625488e+00
6.903153657913208008e-01 8.874778151512145996e-01
9.452072978019714355e-01 8.330332040786743164e-01
-1.706648826599121094e+00 -1.727145075798034668e+00
-2.828839719295501709e-01 -3.813010454177856445e-01
-5.786691308021545410e-01 -7.342572212219238281e-01
3.246876716613769531e+00 3.330679416656494141e+00
2.109001398086547852e+00 2.165737390518188477e+00
-3.876823484897613525e-01 -3.404138088226318359e-01
-3.747903585433959961e+00 -3.591303110122680664e+00
5.928279399871826172e+00 5.784954071044921875e+00
3.232007980346679688e+00 2.853818655014038086e+00
2.870195627212524414e+00 2.918221473693847656e+00
1.598797917366027832e+00 1.525985121726989746e+00
-1.147547006607055664e+00 -1.371518254280090332e+00
-4.643253982067108154e-01 -5.315350890159606934e-01
1.678945183753967285e+00 1.568672895431518555e+00
-1.969702839851379395e+00 -1.880340933799743652e+00
2.162393331527709961e+00 2.226256370544433594e+00
5.486777782440185547e+00 5.478927612304687500e+00
-6.116127371788024902e-01 -6.773000955581665039e-01
3.414484439417719841e-03 -4.696005582809448242e-02
-3.285821437835693359e+00 -3.192798376083374023e+00
1.753109693527221680e-01 2.239534556865692139e-01
-2.931056499481201172e+00 -2.970506429672241211e+00
3.830243051052093506e-01 3.914902806282043457e-01
8.357439041137695312e-01 9.411249756813049316e-01
5.021663188934326172e+00 5.009100914001464844e+00
-4.875146746635437012e-01 -4.413462281227111816e-01
-1.758566945791244507e-01 -2.175221592187881470e-01
1.705140471458435059e+00 1.508287787437438965e+00
-4.203259348869323730e-01 -4.148461818695068359e-01
-6.697868704795837402e-01 -5.638446211814880371e-01
-2.030021190643310547e+00 -2.044966936111450195e+00
1.238880515098571777e+00 1.165062546730041504e+00
1.251435279846191406e-01 8.864144980907440186e-02
-2.101834565401077271e-01 -3.774477839469909668e-01
-9.668726921081542969e-01 -9.380793571472167969e-01
1.751400828361511230e+00 1.794480562210083008e+00
1.716997474431991577e-02 -5.129727721214294434e-02
2.416814088821411133e+00 2.215933322906494141e+00
1.892816066741943359e+00 1.856166958808898926e+00
4.165484607219696045e-01 4.570035934448242188e-01
-1.931312561035156250e+00 -1.764261841773986816e+00
7.495428919792175293e-01 7.319988608360290527e-01
-1.050707697868347168e-01 -3.642104268074035645e-01
5.663363933563232422e-01 5.238043665885925293e-01
3.360996246337890625e-01 2.601656913757324219e-01
-2.467597723007202148e-01 -3.387370109558105469e-01
-5.906891822814941406e-01 -5.483811497688293457e-01
-1.781050682067871094e+00 -1.797698616981506348e+00
6.103565692901611328e+00 6.237954139709472656e+00
-4.093477725982666016e-01 -3.758191466331481934e-01
1.287608504295349121e+00 1.530339121818542480e+00
8.101552724838256836e-01 8.760685920715332031e-01
-1.668167233467102051e+00 -1.791674494743347168e+00
-3.434046804904937744e-01 -3.263638019561767578e-01
-1.653689622879028320e+00 -1.630539536476135254e+00
-1.491717815399169922e+00 -1.275410532951354980e+00
1.471312046051025391e+00 1.560902476310729980e+00
-6.711116433143615723e-01 -7.875963449478149414e-01
2.874332427978515625e+00 2.887767076492309570e+00
-1.038357138633728027e+00 -1.046229243278503418e+00
1.093725919723510742e+00 9.708159565925598145e-01
5.835220217704772949e-01 5.960811972618103027e-01
1.422363400459289551e+00 1.313286900520324707e+00
-1.690235257148742676e+00 -1.485447764396667480e+00
-1.619106054306030273e+00 -1.728520154953002930e+00
1.534294784069061279e-01 1.889616698026657104e-01
4.702986240386962891e+00 4.488644599914550781e+00
-8.839462995529174805e-01 -9.391753673553466797e-01
-1.331151485443115234e+00 -1.456551671028137207e+00
2.708214223384857178e-01 3.146460652351379395e-01
1.434631347656250000e+00 1.345154166221618652e+00
7.034059762954711914e-01 7.061873674392700195e-01
3.352660313248634338e-02 1.012947186827659607e-01
2.949656844139099121e-01 2.924426198005676270e-01
5.854526996612548828e+00 5.791405677795410156e+00
9.863466620445251465e-01 6.986024379730224609e-01
-6.467412710189819336e-01 -7.043444514274597168e-01
1.625276803970336914e+00 1.277272820472717285e+00
3.799246549606323242e-01 2.152646705508232117e-02
-1.851567327976226807e-01 -2.043616920709609985e-01
2.499354600906372070e+00 2.565452337265014648e+00
1.792339682579040527e+00 1.798217654228210449e+00
1.349106431007385254e-01 1.097295731306076050e-01
-7.173140048980712891e-01 -7.240895628929138184e-01
-1.430970907211303711e+00 -1.345094084739685059e+00
7.066032886505126953e-01 5.513775944709777832e-01
1.218358278274536133e+00 1.211023211479187012e+00
-3.615363359451293945e+00 -3.608729124069213867e+00
1.548218727111816406e+00 1.381927132606506348e+00
-9.918596744537353516e-01 -1.050665140151977539e+00
2.320931106805801392e-01 3.783441185951232910e-01
2.156677693128585815e-01 6.316824257373809814e-02
4.517385065555572510e-01 5.610357522964477539e-01
3.711465299129486084e-01 2.451321333646774292e-01
-1.428074359893798828e+00 -1.392149090766906738e+00
1.685265004634857178e-01 2.350823879241943359e-01
-9.268915653228759766e-01 -9.796404242515563965e-01
2.170740604400634766e+00 2.273618936538696289e+00
7.702060937881469727e-01 7.538747191429138184e-01
4.565424025058746338e-01 3.033371567726135254e-01
-4.774120151996612549e-01 -3.672515749931335449e-01
2.855903387069702148e+00 2.697716712951660156e+00
3.433315038681030273e+00 3.278129816055297852e+00
6.022042274475097656e+00 6.034280300140380859e+00
1.248992204666137695e+00 1.098469495773315430e+00
-6.596744060516357422e-01 -6.190726757049560547e-01
-3.419381082057952881e-01 -1.882867068052291870e-01
-6.302544474601745605e-01 -6.322757601737976074e-01
8.716885447502136230e-01 8.766568899154663086e-01
-1.692130923271179199e+00 -1.674955010414123535e+00
1.255081176757812500e+00 1.395088076591491699e+00
-2.766218185424804688e-01 -3.160973191261291504e-01
-5.691260695457458496e-01 -5.662257075309753418e-01
-8.180338144302368164e-01 -6.843032240867614746e-01
3.182310163974761963e-01 3.220472931861877441e-01
-2.429021596908569336e+00 -2.433734893798828125e+00
4.284939765930175781e-01 3.504332900047302246e-01
1.484951853752136230e+00 1.336074709892272949e+00
-1.135912016034126282e-01 -1.283431798219680786e-01
1.422551035881042480e+00 1.266160726547241211e+00
4.066097259521484375e+00 4.183843612670898438e+00
-3.342679738998413086e+00 -3.282925367355346680e+00
8.844802975654602051e-01 5.583887100219726562e-01
2.123173236846923828e+00 2.001188278198242188e+00
4.167996346950531006e-01 3.631721735000610352e-01
-7.055775523185729980e-01 -6.931099295616149902e-01
-1.856395602226257324e+00 -1.824659943580627441e+00
3.270836770534515381e-01 -4.810707271099090576e-02
-3.381227970123291016e+00 -3.415275812149047852e+00
-5.671178698539733887e-01 -6.621190905570983887e-01
-1.668759584426879883e+00 -1.460702538490295410e+00
-1.715962141752243042e-01 -1.822399348020553589e-02
-3.600029349327087402e-01 -4.630438089370727539e-01
-1.226548910140991211e+00 -1.318732380867004395e+00
-2.608447968959808350e-01 -3.756452798843383789e-01
-2.439408004283905029e-01 -3.311961293220520020e-01
2.197615623474121094e+00 2.128831863403320312e+00
2.018558502197265625e+00 1.952156662940979004e+00
-2.870759963989257812e+00 -2.881916284561157227e+00
-2.222315669059753418e-01 -2.668414115905761719e-01
-1.173179268836975098e+00 -1.180309057235717773e+00
1.898321866989135742e+00 1.819479584693908691e+00
2.005714327096939087e-01 7.287499308586120605e-02
1.209046244621276855e+00 1.224071145057678223e+00
-1.466934084892272949e+00 -1.401254296302795410e+00
4.181846141815185547e+00 4.112925529479980469e+00
1.055665612220764160e-01 2.704080343246459961e-01
1.343843579292297363e+00 1.432416677474975586e+00
-8.469801396131515503e-02 -1.491758674383163452e-01
1.559693694114685059e+00 1.782000064849853516e+00
2.374585628509521484e+00 2.246759653091430664e+00
4.292178153991699219e-01 4.674342870712280273e-01
-1.392862200736999512e+00 -1.603504538536071777e+00
-1.553565025329589844e+00 -1.496085762977600098e+00
1.500405550003051758e+00 1.243789792060852051e+00
4.156665503978729248e-01 5.095790624618530273e-01
1.615414500236511230e+00 1.705963611602783203e+00
-3.326732635498046875e+00 -3.407381057739257812e+00
1.466479420661926270e+00 1.418153882026672363e+00
1.057114720344543457e+00 1.152372956275939941e+00
-3.246466517448425293e-01 -2.945255637168884277e-01
-2.011697530746459961e+00 -2.114034414291381836e+00
-2.103246748447418213e-01 -2.295722365379333496e-01
8.540694117546081543e-01 9.855695962905883789e-01
-7.345411181449890137e-01 -6.983776092529296875e-01
4.965644776821136475e-01 4.743391871452331543e-01
-8.808946609497070312e-01 -8.189401030540466309e-01
-1.170206665992736816e+00 -1.230565905570983887e+00
2.858977615833282471e-01 2.086616605520248413e-01
-1.733647823333740234e+00 -1.842617154121398926e+00
4.231876373291015625e+00 4.242343425750732422e+00
-2.966224908828735352e+00 -2.910197973251342773e+00
6.799267977476119995e-02 -6.464675068855285645e-03
9.256327748298645020e-01 7.671691775321960449e-01
-2.282754659652709961e+00 -2.206359624862670898e+00
3.016865730285644531e+00 3.073251962661743164e+00
1.517061233520507812e+00 1.756098866462707520e+00
-1.325572609901428223e+00 -1.349524378776550293e+00
4.708895981311798096e-01 4.410668015480041504e-01
-1.101149439811706543e+00 -9.247359037399291992e-01
-8.034011721611022949e-01 -8.929045796394348145e-01
7.824814319610595703e-01 8.435240387916564941e-01
8.329179883003234863e-01 8.910033702850341797e-01
2.348961591720581055e+00 2.300178766250610352e+00
1.711494028568267822e-01 5.983838438987731934e-02
-2.960622787475585938e+00 -3.139805078506469727e+00
-2.535144567489624023e+00 -2.456360340118408203e+00
-2.887069284915924072e-01 -3.001148700714111328e-01
1.352012157440185547e+00 1.252863645553588867e+00
-4.933308362960815430e-01 -5.673421025276184082e-01
-2.215128898620605469e+00 -2.229199409484863281e+00
5.674410462379455566e-01 5.944502353668212891e-01
9.150377511978149414e-01 7.805531620979309082e-01
-2.676006078720092773e+00 -2.501620531082153320e+00
4.412291944026947021e-01 3.523113727569580078e-01
-5.595293045043945312e-01 -5.070508718490600586e-01
1.052140116691589355e+00 9.898154139518737793e-01
1.064857244491577148e+00 1.164671540260314941e+00
2.538895606994628906e-01 -1.607245951890945435e-02
1.873520135879516602e+00 1.755999684333801270e+00
2.799036502838134766e-01 3.178136944770812988e-01
-6.322931051254272461e-01 -5.203176736831665039e-01
5.276709198951721191e-01 5.485417246818542480e-01
-3.482477664947509766e+00 -3.403629779815673828e+00
3.722565650939941406e+00 3.519888877868652344e+00
-2.615851402282714844e+00 -2.604535102844238281e+00
1.848133683204650879e+00 1.996544361114501953e+00
3.932267189025878906e+00 3.886901140213012695e+00
2.306841850280761719e+00 2.406714439392089844e+00
-2.446294546127319336e+00 -2.455852985382080078e+00
5.749939918518066406e+00 5.798912048339843750e+00
1.021633863449096680e+00 1.069547533988952637e+00
1.637041211128234863e+00 1.680878400802612305e+00
-9.760248661041259766e-01 -1.040499210357666016e+00
1.295447945594787598e+00 1.295784831047058105e+00
8.635669946670532227e-01 9.125593900680541992e-01
-1.178404211997985840e+00 -1.236150860786437988e+00
-9.397669136524200439e-02 -2.257304266095161438e-02
-1.040008783340454102e+00 -1.017177224159240723e+00
-1.406917095184326172e+00 -1.257502913475036621e+00
-3.541172027587890625e+00 -3.409815073013305664e+00
-2.456591844558715820e+00 -2.383785486221313477e+00
-6.672359108924865723e-01 -7.372654080390930176e-01
1.026774764060974121e+00 1.104145407676696777e+00
-2.624580860137939453e+00 -2.572757005691528320e+00
8.519285917282104492e-02 -5.748810619115829468e-02
-1.006903052330017090e+00 -1.001005768775939941e+00
-3.138183355331420898e+00 -2.981653928756713867e+00
9.424868226051330566e-01 1.182137131690979004e+00
5.502549931406974792e-03 5.728802829980850220e-02
-1.154359102249145508e+00 -1.337513923645019531e+00
1.893610835075378418e+00 1.911109328269958496e+00
3.498687982559204102e+00 3.448137998580932617e+00
5.289851188659667969e+00 5.144695281982421875e+00
5.288339614868164062e+00 5.209502220153808594e+00
-2.677942752838134766e+00 -2.519058465957641602e+00
6.017951011657714844e+00 6.017777442932128906e+00
1.042190909385681152e+00 1.469906449317932129e+00
4.634970724582672119e-01 4.213953614234924316e-01
1.323482751846313477e+00 1.214047312736511230e+00
1.065717816352844238e+00 1.024806737899780273e+00
-1.711174130439758301e+00 -1.857208371162414551e+00
-3.338005542755126953e+00 -3.336135149002075195e+00
1.328444838523864746e+00 1.282466530799865723e+00
-3.447869777679443359e+00 -3.428794145584106445e+00
6.437070369720458984e-01 6.774147152900695801e-01
1.739268600940704346e-01 -3.910474479198455811e-03
3.503997325897216797e+00 3.419270277023315430e+00
1.318603754043579102e-01 3.000967502593994141e-01
-8.684778213500976562e-01 -8.633873462677001953e-01
-9.195324182510375977e-01 -9.276344180107116699e-01
-6.051101684570312500e-01 -5.665783286094665527e-01
-2.375033855438232422e+00 -2.279855251312255859e+00
-2.515749931335449219e+00 -2.555867671966552734e+00
1.979965925216674805e+00 1.925659179687500000e+00
4.141844809055328369e-01 3.196471929550170898e-01
3.934620618820190430e-01 4.210066199302673340e-01
-1.668894410133361816e+00 -1.685687184333801270e+00
3.360372066497802734e+00 3.358420133590698242e+00
1.492442727088928223e+00 1.422170996665954590e+00
7.737343311309814453e-01 7.930001020431518555e-01
1.623120784759521484e+00 1.643428206443786621e+00
-2.582207918167114258e-01 -2.120035737752914429e-01
7.767376303672790527e-01 9.178822636604309082e-01
-6.867800951004028320e-01 -6.884880661964416504e-01
3.738536536693572998e-01 4.664593338966369629e-01
-6.744123697280883789e-01 -8.579431772232055664e-01
3.367410182952880859e+00 3.494716644287109375e+00
2.865614593029022217e-01 3.189364075660705566e-01
3.176453590393066406e+00 2.794439792633056641e+00
1.195311307907104492e+00 1.112686514854431152e+00
-2.324337959289550781e+00 -2.475311040878295898e+00
-6.157319545745849609e-01 -8.081623911857604980e-01
3.367088794708251953e+00 3.394899845123291016e+00
1.429595947265625000e+00 1.402437806129455566e+00
-3.795636892318725586e-01 -3.659662008285522461e-01
-1.401119828224182129e+00 -1.489210724830627441e+00
3.956279456615447998e-01 2.841340303421020508e-01
-5.184190273284912109e-01 -5.249280929565429688e-01
4.033442974090576172e+00 3.886970758438110352e+00
1.068522095680236816e+00 9.869315624237060547e-01
-1.307654500007629395e+00 -1.187100291252136230e+00
3.867540597915649414e+00 3.975503444671630859e+00
4.585196018218994141e+00 4.549462795257568359e+00
1.786092877388000488e+00 1.628217101097106934e+00
-2.371152162551879883e+00 -2.245520353317260742e+00
1.337706446647644043e+00 1.241967678070068359e+00
-2.935398578643798828e+00 -3.082150220870971680e+00
1.047086238861083984e+00 8.738067150115966797e-01
-2.484791129827499390e-01 -2.609117627143859863e-01
8.467381000518798828e-01 8.858969211578369141e-01
-2.347754687070846558e-01 -2.540355324745178223e-01
-6.009224653244018555e-01 -1.030239462852478027e-01
3.915617465972900391e-01 3.436084985733032227e-01
-3.129354953765869141e+00 -3.245397329330444336e+00
-1.829681247472763062e-01 -1.244156509637832642e-01
-4.886654317378997803e-01 -5.068122744560241699e-01
-1.156439781188964844e+00 -9.939028620719909668e-01
-3.079791069030761719e+00 -3.176920413970947266e+00
-7.301494479179382324e-02 -3.194572031497955322e-02
3.678738176822662354e-01 3.550990819931030273e-01
-5.660106539726257324e-01 -6.657013297080993652e-01
-1.148559451103210449e+00 -1.233781337738037109e+00
4.910852015018463135e-02 -1.563864946365356445e-01
-4.547480642795562744e-01 -5.018370151519775391e-01
-1.859858632087707520e-01 -4.242627024650573730e-01
-2.073799610137939453e+00 -1.858165621757507324e+00
5.254535675048828125e-01 5.319470167160034180e-01
7.132171988487243652e-01 6.758677363395690918e-01
-9.021245837211608887e-01 -8.588654398918151855e-01
-2.903769969940185547e+00 -2.874132394790649414e+00
2.163391351699829102e+00 1.870935082435607910e+00
3.269257783889770508e+00 3.164027929306030273e+00
-2.978586554527282715e-01 -2.070601135492324829e-01
2.426563024520874023e+00 2.122954130172729492e+00
1.368735283613204956e-01 4.043176770210266113e-01
-2.348686218261718750e+00 -2.302114486694335938e+00
-1.572686553001403809e+00 -1.544763326644897461e+00
9.203881621360778809e-01 1.331047654151916504e+00
-1.407385110855102539e+00 -1.532177329063415527e+00
-4.306496679782867432e-01 -1.477450281381607056e-01
-2.741841316223144531e+00 -2.744044065475463867e+00
-3.208183944225311279e-01 -3.200040459632873535e-01
9.335839152336120605e-01 7.740252614021301270e-01
8.111170530319213867e-01 8.622592091560363770e-01
-1.020568490028381348e+00 -1.108062624931335449e+00
2.213190078735351562e+00 2.058695554733276367e+00
-2.819792032241821289e+00 -2.903176307678222656e+00
-2.415858745574951172e+00 -2.428135395050048828e+00
6.351494789123535156e-01 6.559064984321594238e-01
-5.601024031639099121e-01 -4.435490965843200684e-01
7.718956470489501953e-01 7.889645695686340332e-01
-2.303640842437744141e+00 -2.365153551101684570e+00
9.629968404769897461e-01 9.650851488113403320e-01
-1.237817257642745972e-01 -2.689191699028015137e-01
-5.593578815460205078e-01 -5.021070837974548340e-01
9.349437057971954346e-02 3.187594562768936157e-02
-3.013022661209106445e+00 -2.932126283645629883e+00
5.896251201629638672e-01 9.388242363929748535e-01
-2.482603490352630615e-02 5.803582258522510529e-03
-3.217135190963745117e+00 -3.211369276046752930e+00
-3.386189460754394531e+00 -3.458307504653930664e+00
-1.595961928367614746e+00 -1.609369397163391113e+00
-1.318435311317443848e+00 -1.467692971229553223e+00
2.348657846450805664e+00 2.318009138107299805e+00
-1.086197614669799805e+00 -1.287306785583496094e+00
-1.076018571853637695e+00 -6.450968384742736816e-01
2.075916767120361328e+00 1.953888177871704102e+00
1.545969367027282715e+00 1.438216090202331543e+00
-1.801784753799438477e+00 -1.906726837158203125e+00
8.199442923069000244e-02 7.287500798702239990e-02
-8.564089238643646240e-02 1.304243654012680054e-01
-2.422395467758178711e+00 -2.498747587203979492e+00
1.701333999633789062e+00 1.688508868217468262e+00
1.644610404968261719e+00 1.365682959556579590e+00
-1.604659914970397949e+00 -1.605248451232910156e+00
-2.832768917083740234e+00 -2.956512212753295898e+00
2.308764457702636719e+00 2.248340845108032227e+00
-1.996405601501464844e+00 -1.964436769485473633e+00
9.578951634466648102e-03 -2.674226090312004089e-02
-2.321983098983764648e+00 -2.430305242538452148e+00
-4.886144027113914490e-02 -1.164035499095916748e-01
-1.511450767517089844e+00 -1.557427883148193359e+00
-1.230589628219604492e+00 -1.079629778861999512e+00
2.259313106536865234e+00 2.219216108322143555e+00
1.018577337265014648e+00 1.274451732635498047e+00
-1.792096793651580811e-01 -2.241417616605758667e-01
1.554117798805236816e+00 1.548293352127075195e+00
2.408448934555053711e+00 2.197101354598999023e+00
-1.413286566734313965e+00 -1.354138255119323730e+00
1.028712764382362366e-01 -1.659052819013595581e-01
4.434853076934814453e+00 4.425341606140136719e+00
1.125890731811523438e+00 8.824904561042785645e-01
-1.462954998016357422e+00 -1.465954184532165527e+00
2.536644697189331055e+00 2.561534643173217773e+00
1.065242290496826172e+00 1.094975829124450684e+00
-2.347263097763061523e+00 -2.472672224044799805e+00
4.986827373504638672e+00 4.943044662475585938e+00
-8.409641385078430176e-01 -9.886136651039123535e-01
1.379298329353332520e+00 1.587790369987487793e+00
3.482387661933898926e-01 3.795883059501647949e-01
3.021991550922393799e-01 3.175002932548522949e-01
2.324944019317626953e+00 2.664731502532958984e+00
-1.607282400131225586e+00 -1.522752165794372559e+00
-9.253174066543579102e-01 -7.963182330131530762e-01
-3.222698569297790527e-01 -2.827947735786437988e-01
6.609268188476562500e-01 5.756488442420959473e-01
-5.489066615700721741e-02 1.962544955313205719e-02
-2.026196956634521484e+00 -2.124592781066894531e+00
1.458328723907470703e+00 1.329839229583740234e+00
4.742572903633117676e-01 5.208261609077453613e-01
3.221109867095947266e+00 3.355178833007812500e+00
-7.385606169700622559e-01 -7.052428126335144043e-01
-2.085436820983886719e+00 -2.125222444534301758e+00
-7.539415955543518066e-01 -8.784529566764831543e-01
1.168426036834716797e+00 1.239372849464416504e+00
6.653593182563781738e-01 6.404090523719787598e-01
-2.303091287612915039e-01 -3.375226855278015137e-01
3.136374652385711670e-01 3.446459174156188965e-01
-2.349613159894943237e-01 1.193090900778770447e-02
-3.269262611865997314e-01 -3.093503117561340332e-01
4.549720764160156250e+00 4.550971031188964844e+00
-2.789098024368286133e+00 -2.830898761749267578e+00
-3.136953830718994141e+00 -3.220469236373901367e+00
-8.011306524276733398e-01 -9.582896828651428223e-01
-1.254208683967590332e+00 -1.214617609977722168e+00
-2.160274982452392578e-01 -2.106158882379531860e-01
1.159320235252380371e+00 1.034769296646118164e+00
-5.048342943191528320e-01 -7.784506678581237793e-01
-2.205893754959106445e+00 -2.335537672042846680e+00
-3.801812529563903809e-01 -4.044849276542663574e-01
1.789164781570434570e+00 1.862486600875854492e+00
5.406964778900146484e+00 5.439243793487548828e+00
-2.455237627029418945e+00 -2.367691755294799805e+00
-3.469217777252197266e+00 -3.572245121002197266e+00
1.239362716674804688e+00 1.168730616569519043e+00
-9.091928601264953613e-01 -7.694436907768249512e-01
9.324117004871368408e-02 1.595422476530075073e-01
-6.462450623512268066e-01 -6.237621903419494629e-01
1.577828049659729004e+00 1.557994246482849121e+00
3.463044166564941406e+00 3.491257905960083008e+00
-3.078938126564025879e-01 -3.121063709259033203e-01
-1.210488438606262207e+00 -1.247288346290588379e+00
4.791584610939025879e-01 4.189725518226623535e-01
-1.763256825506687164e-02 -6.460260599851608276e-02
-1.661733388900756836e+00 -1.672842383384704590e+00
1.276903748512268066e-01 7.182191312313079834e-02
1.729036092758178711e+00 1.674623847007751465e+00
6.448522210121154785e-01 6.569156050682067871e-01
9.879121780395507812e-01 1.064568400382995605e+00
4.395522117614746094e+00 4.355859756469726562e+00
4.177347421646118164e-01 4.047508835792541504e-01
-1.365285277366638184e+00 -1.199062108993530273e+00
1.523442029953002930e+00 1.307584047317504883e+00
6.650825738906860352e-01 3.762844800949096680e-01
-3.959936499595642090e-01 -4.254661202430725098e-01
-2.627442121505737305e+00 -2.583252429962158203e+00
-1.479357779026031494e-01 -2.475170642137527466e-01
7.610821127891540527e-01 7.274301648139953613e-01
2.530077695846557617e+00 2.371419668197631836e+00
1.440004706382751465e-01 4.593370854854583740e-02
1.722598671913146973e+00 1.778707504272460938e+00
-5.754842758178710938e-01 -5.151775479316711426e-01
-7.232813239097595215e-01 -8.590101599693298340e-01
-1.245054602622985840e+00 -1.460702538490295410e+00
8.254790902137756348e-01 5.085476636886596680e-01
-1.956337928771972656e+00 -1.949474096298217773e+00
-6.492063403129577637e-01 -7.732746601104736328e-01
1.574263215065002441e+00 1.503072500228881836e+00
-2.311552613973617554e-01 -2.477126270532608032e-01
5.963519215583801270e-01 5.668080449104309082e-01
-2.826034128665924072e-01 -2.900099754333496094e-01
-7.877531051635742188e-01 -7.121091485023498535e-01
-3.189653873443603516e+00 -3.155360937118530273e+00
1.961842298507690430e+00 1.925144076347351074e+00
4.123640537261962891e+00 4.146616935729980469e+00
1.288717269897460938e+00 1.440050005912780762e+00
-3.904274404048919678e-01 -3.711099624633789062e-01
-3.032886743545532227e+00 -3.005683422088623047e+00
1.574993729591369629e+00 1.409316182136535645e+00
-1.118706345558166504e+00 -1.385244250297546387e+00
1.013289332389831543e+00 9.372224211692810059e-01
2.517706632614135742e+00 2.617022752761840820e+00
1.207668423652648926e+00 1.105140566825866699e+00
-9.960488677024841309e-01 -9.126445651054382324e-01
9.269111752510070801e-01 8.412993550300598145e-01
-9.615019708871841431e-02 -5.507197976112365723e-02
1.162654757499694824e+00 1.175563573837280273e+00
4.219729900360107422e+00 4.221248626708984375e+00
3.187949657440185547e-01 5.075107812881469727e-01
-2.868079754989594221e-04 -1.142453551292419434e-01
-2.895264625549316406e+00 -2.870348691940307617e+00
1.284157872200012207e+00 1.225725769996643066e+00
-1.064482092857360840e+00 -1.191343188285827637e+00
3.171607851982116699e-01 3.004716634750366211e-01
3.750024080276489258e+00 3.554444313049316406e+00
3.780396938323974609e+00 3.804074764251708984e+00
-9.126070737838745117e-01 -7.821988463401794434e-01
2.366584986448287964e-01 1.706849187612533569e-01
-6.590037941932678223e-01 -7.054169178009033203e-01
1.232379078865051270e+00 1.231604695320129395e+00
2.388221979141235352e+00 2.283116579055786133e+00
-3.446125268936157227e+00 -3.509281396865844727e+00
-1.906268000602722168e+00 -1.857361674308776855e+00
4.263802528381347656e+00 4.185888290405273438e+00
-6.367767453193664551e-01 -5.796017050743103027e-01
-9.046398997306823730e-01 -8.143404126167297363e-01
-3.222088098526000977e+00 -3.332916259765625000e+00
-2.154452800750732422e+00 -2.090234041213989258e+00
-1.065626367926597595e-01 -9.404689073562622070e-02
-1.946600317955017090e+00 -1.943462610244750977e+00
-5.935819149017333984e-01 -4.661401510238647461e-01
-1.489980459213256836e+00 -1.351909756660461426e+00
-2.687091588973999023e+00 -2.705467939376831055e+00
9.762737154960632324e-01 8.661836981773376465e-01
-1.283633589744567871e+00 -1.149516582489013672e+00
-7.815581560134887695e-01 -6.703571677207946777e-01
1.298908114433288574e+00 1.317531585693359375e+00
1.352319240570068359e+00 1.553833603858947754e+00
7.686496376991271973e-01 8.254523873329162598e-01
4.675519764423370361e-01 4.229472279548645020e-01
4.147085547447204590e-01 3.271698951721191406e-01
7.682855129241943359e-01 6.798505783081054688e-01
9.498691558837890625e-01 9.104691147804260254e-01
-5.733416676521301270e-01 -8.957547545433044434e-01
-9.408730268478393555e-02 3.931591659784317017e-02
1.814133524894714355e+00 1.747104644775390625e+00
-4.351609051227569580e-01 -4.908295273780822754e-01
-1.345997489988803864e-02 1.484759524464607239e-02
-3.743443965911865234e+00 -3.699214220046997070e+00
1.575491905212402344e+00 1.290588736534118652e+00
5.316415786743164062e+00 5.416469573974609375e+00
4.928431034088134766e+00 4.858628273010253906e+00
4.037334918975830078e+00 4.134938240051269531e+00
-5.391322374343872070e-01 -4.541043043136596680e-01
-1.066765308380126953e+00 -1.238079428672790527e+00
-2.750903129577636719e+00 -2.718739748001098633e+00
1.579171180725097656e+00 1.446914672851562500e+00
1.936013817787170410e+00 2.187010526657104492e+00
-5.818191170692443848e-01 -6.214029192924499512e-01
-2.540671586990356445e+00 -2.653568506240844727e+00
4.484980180859565735e-02 2.027849704027175903e-01
-2.494060516357421875e+00 -2.475382566452026367e+00
-2.457202911376953125e+00 -2.814223527908325195e+00
1.726735085248947144e-01 1.661403924226760864e-01
2.385720014572143555e-01 5.746911168098449707e-01
-1.093594074249267578e+00 -1.136327862739562988e+00
2.123008966445922852e+00 2.258245706558227539e+00
1.678456425666809082e+00 1.588047623634338379e+00
5.454754352569580078e+00 5.483359336853027344e+00
-1.995508074760437012e+00 -2.140157222747802734e+00
-6.018371582031250000e-01 -6.687661409378051758e-01
-3.565445661544799805e+00 -3.527537107467651367e+00
-9.618421643972396851e-02 -1.368588507175445557e-01
5.713382363319396973e-01 6.669230461120605469e-01
-1.673343062400817871e+00 -1.587072491645812988e+00
-1.114193320274353027e+00 -1.104894280433654785e+00
2.153865814208984375e+00 2.199692010879516602e+00
-9.366599321365356445e-01 -7.985503077507019043e-01
-1.373105764389038086e+00 -1.435657858848571777e+00
2.259285449981689453e+00 2.286344289779663086e+00
-2.286859989166259766e+00 -2.180975675582885742e+00
-9.889689087867736816e-01 -1.057852387428283691e+00
3.146608591079711914e+00 3.108922243118286133e+00
3.515103101730346680e+00 3.459942102432250977e+00
4.049270153045654297e-01 3.560276627540588379e-01
-3.741071522235870361e-01 -4.290399551391601562e-01
-1.470118641853332520e+00 -1.275013327598571777e+00
2.537934780120849609e+00 2.443676471710205078e+00
-3.094338476657867432e-01 -3.134728670120239258e-01
2.499682664871215820e+00 2.390272378921508789e+00
2.810380697250366211e+00 2.862673997879028320e+00
6.791671514511108398e-01 7.434503436088562012e-01
5.078012466430664062e+00 4.952475547790527344e+00
5.822565555572509766e-01 4.591770768165588379e-01
4.872145354747772217e-01 4.385047554969787598e-01
-2.299704849720001221e-01 -2.297918498516082764e-01
1.322032809257507324e+00 1.276018142700195312e+00
-2.082095384597778320e+00 -1.877350449562072754e+00
-5.681475996971130371e-01 -5.247765779495239258e-01
1.827018141746520996e+00 1.610766291618347168e+00
-4.392122924327850342e-01 -5.575824975967407227e-01
-1.668338775634765625e+00 -1.729862570762634277e+00
1.460412979125976562e+00 1.495811104774475098e+00
-7.980729937553405762e-01 -8.238225579261779785e-01
-3.477624416351318359e+00 -3.527209043502807617e+00
1.545073032379150391e+00 1.579303622245788574e+00
-8.345223665237426758e-01 -6.260722279548645020e-01
3.184273719787597656e+00 3.012180805206298828e+00
-8.327931165695190430e-01 -7.898805737495422363e-01
-6.459062695503234863e-01 -5.193620324134826660e-01
1.803321540355682373e-01 3.355168700218200684e-01
-2.189832687377929688e+00 -2.031099796295166016e+00
3.691066503524780273e-01 4.869831800460815430e-01
-1.183790326118469238e+00 -1.217999577522277832e+00
1.962790966033935547e+00 1.856666684150695801e+00
1.733686923980712891e+00 1.711942076683044434e+00
-1.628871798515319824e+00 -1.571682095527648926e+00
2.304875135421752930e+00 2.329231977462768555e+00
2.699156999588012695e-01 1.475583463907241821e-01
8.236041069030761719e-01 7.868625521659851074e-01
-9.782768487930297852e-01 -9.003525376319885254e-01
-2.913275241851806641e+00 -3.038020133972167969e+00
-2.131141126155853271e-01 -3.444384336471557617e-01
1.127081274986267090e+00 1.083042144775390625e+00
-5.318590402603149414e-01 -5.854923129081726074e-01
1.542518258094787598e+00 1.526348471641540527e+00
2.383407592773437500e+00 2.551450490951538086e+00
4.408445656299591064e-01 3.174916505813598633e-01
1.998363256454467773e+00 2.181123495101928711e+00
-1.321032762527465820e+00 -1.535397648811340332e+00
1.785955280065536499e-01 1.317134201526641846e-01
4.840396404266357422e+00 4.630177497863769531e+00
-1.113616108894348145e+00 -9.979291558265686035e-01
-3.148211002349853516e+00 -3.206559419631958008e+00
-3.598937034606933594e+00 -3.489794254302978516e+00
-1.509220898151397705e-01 -3.014603257179260254e-01
-2.638348102569580078e+00 -2.483812570571899414e+00
1.548464775085449219e+00 2.340826839208602905e-01
4.581315517425537109e-01 4.334518313407897949e-01
-4.050701558589935303e-01 -3.053589463233947754e-01
-3.112559080123901367e+00 -3.155640125274658203e+00
-2.670056581497192383e+00 -2.614850759506225586e+00
-4.454468190670013428e-01 -4.985587000846862793e-01
-6.894334554672241211e-01 -7.745786309242248535e-01
-1.745269894599914551e+00 -2.057021856307983398e+00
9.548714160919189453e-01 8.591748476028442383e-01
2.290951728820800781e+00 2.083134889602661133e+00
-9.829437732696533203e-01 -1.032893061637878418e+00
-3.143317222595214844e+00 -3.175400018692016602e+00
4.523369312286376953e+00 4.497641563415527344e+00
-2.044298797845840454e-01 -3.530925512313842773e-01
1.157473802566528320e+00 1.074416756629943848e+00
-9.211495518684387207e-01 -8.121815919876098633e-01
1.054808378219604492e+00 1.241183638572692871e+00
-2.219041347503662109e+00 -2.213896989822387695e+00
-1.004127144813537598e+00 -1.018548488616943359e+00
2.290940523147583008e+00 2.347968339920043945e+00
2.964578270912170410e-01 4.404933452606201172e-01
-2.615862369537353516e+00 -2.619820833206176758e+00
-9.873627424240112305e-01 -1.072299242019653320e+00
-2.312524020671844482e-01 -2.337604314088821411e-01
5.959548950195312500e-01 7.377369403839111328e-01
-9.145215153694152832e-02 -2.259197086095809937e-01
-2.057379245758056641e+00 -2.243488073348999023e+00
3.514448642730712891e+00 3.287123441696166992e+00
8.475898504257202148e-01 7.300104498863220215e-01
7.362667322158813477e-01 7.823416590690612793e-01
-1.097057461738586426e+00 -9.809076786041259766e-01
-1.771816611289978027e+00 -1.615949034690856934e+00
4.290294945240020752e-01 7.546279430389404297e-01
1.622559428215026855e+00 1.554082155227661133e+00
6.723218560218811035e-01 4.132334589958190918e-01
3.399294853210449219e+00 3.369947195053100586e+00
-2.433468818664550781e+00 -2.469205617904663086e+00
1.951977491378784180e+00 1.968970775604248047e+00
-2.123853921890258789e+00 -2.144048929214477539e+00
1.704322397708892822e-01 -1.427727937698364258e-02
7.222999334335327148e-01 7.510294318199157715e-01
3.641902208328247070e-01 3.130133748054504395e-01
-7.770646363496780396e-02 -1.190101057291030884e-01
-2.923045635223388672e+00 -3.001171827316284180e+00
-2.357101738452911377e-01 -2.560688257217407227e-01
1.900779157876968384e-01 7.190557569265365601e-02
-2.186494588851928711e+00 -2.185370683670043945e+00
-4.596541523933410645e-01 -2.818214893341064453e-01
-2.123968839645385742e+00 -2.218075037002563477e+00
3.950059041380882263e-02 5.384225398302078247e-02
1.705762982368469238e+00 1.490431189537048340e+00
-2.616445302963256836e+00 -2.476391077041625977e+00
-3.669187128543853760e-01 -1.507401168346405029e-01
5.359789729118347168e-01 4.708341360092163086e-01
7.293698787689208984e-01 8.505390882492065430e-01
-9.920155256986618042e-02 -1.259816139936447144e-01
-1.312800884246826172e+00 -1.632615804672241211e+00
-2.027898311614990234e+00 -2.012686252593994141e+00
-1.304081082344055176e+00 -1.162416815757751465e+00
1.125695466995239258e+00 1.392055869102478027e+00
-5.370292067527770996e-01 -3.192926049232482910e-01
-2.803648710250854492e-01 -2.749483585357666016e-01
5.221334099769592285e-02 -4.145420715212821960e-02
-7.520571947097778320e-01 -6.755315065383911133e-01
-2.092688798904418945e+00 -2.143659114837646484e+00
1.123545765876770020e-01 5.616964772343635559e-03
7.255834937095642090e-01 7.676419615745544434e-01
-8.173099756240844727e-01 -9.334678649902343750e-01
8.828588128089904785e-01 9.358354210853576660e-01
-3.424704790115356445e+00 -3.316508054733276367e+00
-1.707129716873168945e+00 -1.754544854164123535e+00
5.251985549926757812e+00 5.116561889648437500e+00
8.620600700378417969e-01 8.349499106407165527e-01
1.113963603973388672e+00 1.129418492317199707e+00
1.731434464454650879e+00 1.861860513687133789e+00
-1.899255156517028809e+00 -1.836638569831848145e+00
-2.204751729965209961e+00 -2.299193143844604492e+00
5.881023406982421875e-01 7.344686388969421387e-01
-1.448694586753845215e+00 -1.527558565139770508e+00
-6.914189457893371582e-01 -8.517388701438903809e-01
-5.205252021551132202e-02 2.265570163726806641e-01
1.238089561462402344e+00 1.227308392524719238e+00
-2.045485228300094604e-01 -2.158291041851043701e-01
3.333529949188232422e+00 3.351984024047851562e+00
1.330963611602783203e+00 1.301196217536926270e+00
-7.198807001113891602e-01 -7.007794976234436035e-01
-2.588627099990844727e+00 -2.694201707839965820e+00
6.522628664970397949e-01 5.987538695335388184e-01
3.122130155563354492e+00 3.097343683242797852e+00
6.161884665489196777e-01 4.810925126075744629e-01
1.900368452072143555e+00 2.111256122589111328e+00
1.374806642532348633e+00 1.168892025947570801e+00
2.999451160430908203e+00 2.969045400619506836e+00
6.971461176872253418e-01 1.085081934928894043e+00
-2.953557014465332031e+00 -2.746949434280395508e+00
3.395549058914184570e+00 3.080174922943115234e+00
6.068723797798156738e-01 7.592428326606750488e-01
1.142526268959045410e+00 1.080253005027770996e+00
1.003913879394531250e+00 1.142234325408935547e+00
-1.169071674346923828e+00 -1.146665096282958984e+00
-6.372756361961364746e-01 -5.296556949615478516e-01
7.254012227058410645e-01 6.910551190376281738e-01
2.283001661300659180e+00 2.218305826187133789e+00
-1.687297463417053223e+00 -1.768785357475280762e+00
-1.591144800186157227e-01 -2.648122310638427734e-01
-7.622166872024536133e-01 -7.575252652168273926e-01
3.898788690567016602e-01 3.376100659370422363e-01
7.987274527549743652e-01 6.873980164527893066e-01
3.574897766113281250e+00 3.476050615310668945e+00
-1.424172520637512207e+00 -1.425583958625793457e+00
3.723288536071777344e+00 3.605219841003417969e+00
-6.589595675468444824e-01 -7.115364670753479004e-01
-2.495274305343627930e+00 -2.728359937667846680e+00
-2.170428752899169922e+00 -2.222342729568481445e+00
2.494765520095825195e-01 2.609254717826843262e-01
-8.265452384948730469e-01 -1.298409819602966309e+00
-2.531057834625244141e+00 -2.553411722183227539e+00
2.665289640426635742e-01 2.063079774379730225e-01
1.743592500686645508e+00 1.732349514961242676e+00
-5.191985368728637695e-01 -4.956644177436828613e-01
2.505624294281005859e-02 -3.703773766756057739e-02
4.607942998409271240e-01 5.981140732765197754e-01
1.921188235282897949e+00 1.679422974586486816e+00
1.352422595024108887e+00 1.439804434776306152e+00
4.983032703399658203e+00 4.858427047729492188e+00
3.404728174209594727e+00 3.362946271896362305e+00
4.186923205852508545e-01 2.319318801164627075e-01
1.301595449447631836e+00 1.304906964302062988e+00
4.588199853897094727e-01 3.029493093490600586e-01
-5.188031196594238281e-01 -4.801586270332336426e-01
2.531848430633544922e+00 2.474315881729125977e+00
1.862840890884399414e+00 1.871647238731384277e+00
1.065566897392272949e+00 1.171959280967712402e+00
-3.185504674911499023e+00 -3.265681743621826172e+00
1.446153402328491211e+00 1.374324798583984375e+00
-8.959221839904785156e-01 -8.887158036231994629e-01
-1.024639233946800232e-01 -3.504528403282165527e-01
-1.152217090129852295e-01 8.141972124576568604e-02
-1.702315330505371094e+00 -1.650978207588195801e+00
8.400510549545288086e-01 7.148198485374450684e-01
1.259176492691040039e+00 1.438339591026306152e+00
7.760112285614013672e-01 8.413413166999816895e-01
3.781621456146240234e+00 3.536281585693359375e+00
-4.968541562557220459e-01 -6.931576132774353027e-01
2.500716745853424072e-01 1.711980253458023071e-01
1.828168511390686035e+00 1.407334208488464355e+00
1.253815293312072754e+00 1.213073611259460449e+00
-1.833602309226989746e+00 -1.690563678741455078e+00
2.197174310684204102e+00 2.328598022460937500e+00
3.449856281280517578e+00 3.432152986526489258e+00
-1.748687386512756348e+00 -1.834395408630371094e+00
1.512429118156433105e-01 1.854740828275680542e-01
-8.218424320220947266e-01 -7.345743179321289062e-01
2.110845088958740234e+00 1.826434373855590820e+00
-2.806757688522338867e+00 -2.957600355148315430e+00
1.269867420196533203e+00 1.227470755577087402e+00
8.454138636589050293e-01 8.339651226997375488e-01
-2.523458957672119141e+00 -2.668060064315795898e+00
5.669268965721130371e-01 8.118875026702880859e-01
-3.414933919906616211e+00 -3.400478601455688477e+00
3.464870452880859375e+00 3.549206733703613281e+00
-3.803702443838119507e-02 2.164656072854995728e-01
1.540797710418701172e+00 1.540525674819946289e+00
1.226130127906799316e+00 9.809890389442443848e-01
3.698821663856506348e-01 2.898048758506774902e-01
-2.462833642959594727e+00 -2.417514085769653320e+00
3.435401678085327148e+00 3.227554082870483398e+00
-5.915201306343078613e-01 -6.569057106971740723e-01
-1.825280904769897461e+00 -1.882431745529174805e+00
-9.448219537734985352e-01 -1.337514042854309082e+00
-8.501132726669311523e-01 -8.687740564346313477e-01
-5.168213248252868652e-01 -5.289413332939147949e-01
1.130512356758117676e+00 1.150678277015686035e+00
-1.860074520111083984e+00 -1.794567465782165527e+00
1.298470616340637207e+00 1.244650363922119141e+00
2.152926623821258545e-01 1.583737879991531372e-01
-1.050442695617675781e+00 -1.267568945884704590e+00
-1.481884121894836426e+00 -1.515706896781921387e+00
-2.458203554153442383e+00 -2.424023628234863281e+00
-1.647948980331420898e+00 -1.736678361892700195e+00
4.798689484596252441e-01 4.779276847839355469e-01
-2.731165885925292969e-01 -2.195317596197128296e-01
2.350836515426635742e+00 2.354922533035278320e+00
3.136974573135375977e-01 3.430201411247253418e-01
5.491681694984436035e-01 4.722020030021667480e-01
-6.490375995635986328e-01 -5.434601902961730957e-01
-3.709744453430175781e+00 -3.586513280868530273e+00
2.041283130645751953e+00 1.898572444915771484e+00
2.118188589811325073e-01 3.378682732582092285e-01
4.704655110836029053e-01 3.654975891113281250e-01
-3.254082679748535156e+00 -3.145348310470581055e+00
-1.519713640213012695e+00 -1.456044316291809082e+00
1.319006443023681641e+00 1.352945446968078613e+00
1.097681522369384766e+00 9.654493331909179688e-01
-5.135018229484558105e-01 -6.328670382499694824e-01
5.642648935317993164e-01 8.829668164253234863e-01
1.203617930412292480e+00 9.747065901756286621e-01
-8.946897387504577637e-01 -1.461383938789367676e+00
1.414048552513122559e+00 1.361444234848022461e+00
-4.351001083850860596e-01 -4.916334152221679688e-01
-1.853310942649841309e+00 -1.931174397468566895e+00
1.984678655862808228e-01 2.095020562410354614e-01
-2.605536937713623047e+00 -2.612132549285888672e+00
-1.594705700874328613e+00 -1.485101819038391113e+00
3.750144720077514648e+00 3.991444349288940430e+00
2.251731157302856445e-01 -1.744662374258041382e-01
2.387582778930664062e+00 2.263453960418701172e+00
3.753417134284973145e-01 1.895312070846557617e-01
5.415914654731750488e-01 5.835720300674438477e-01
1.971814870834350586e+00 2.025616407394409180e+00
-1.919091045856475830e-01 -1.460408121347427368e-01
-9.818014502525329590e-01 -1.037467360496520996e+00
1.011918306350708008e+00 1.135952115058898926e+00
1.743403792381286621e+00 1.485588431358337402e+00
-1.772679805755615234e+00 -1.727863907814025879e+00
1.536740064620971680e+00 1.534402012825012207e+00
-2.016984939575195312e+00 -1.584190011024475098e+00
-5.323798656463623047e-01 -8.104611635208129883e-01
-1.038189530372619629e+00 -9.477335810661315918e-01
8.095317482948303223e-01 6.402967572212219238e-01
-3.148753881454467773e+00 -3.104016542434692383e+00
-8.028025031089782715e-01 -8.479835987091064453e-01
-2.974683046340942383e-01 -3.090638518333435059e-01
7.635334730148315430e-01 7.909275889396667480e-01
7.316967248916625977e-01 7.537445425987243652e-01
1.314954757690429688e-01 9.252959489822387695e-02
-5.936629772186279297e-01 -7.339320778846740723e-01
-9.917779564857482910e-01 -8.971650600433349609e-01
-3.215053558349609375e+00 -3.140455245971679688e+00
1.715429663658142090e+00 1.617339253425598145e+00
1.731890678405761719e+00 1.510795354843139648e+00
4.104607403278350830e-01 2.790331244468688965e-01
1.037538647651672363e+00 9.289945960044860840e-01
-2.086712837219238281e+00 -2.099550485610961914e+00
3.383601903915405273e+00 3.275467157363891602e+00
-3.802535235881805420e-01 -3.131785988807678223e-01
8.423495888710021973e-01 8.530490994453430176e-01
7.422763705253601074e-01 6.819710731506347656e-01
2.791410446166992188e+00 2.740145921707153320e+00
-3.631423711776733398e+00 -3.545071840286254883e+00
-2.927582740783691406e+00 -2.999956846237182617e+00
-3.932453155517578125e+00 -3.722826480865478516e+00
-2.595353364944458008e+00 -2.563239812850952148e+00
5.598714947700500488e-01 6.581298708915710449e-01
5.948278903961181641e+00 5.869471073150634766e+00
-1.535041689872741699e+00 -1.579701781272888184e+00
2.566324472427368164e+00 2.533614397048950195e+00
4.693245291709899902e-01 2.547481060028076172e-01
3.089496195316314697e-01 6.183196902275085449e-01
-5.756862163543701172e-01 -5.695279240608215332e-01
6.349179148674011230e-01 6.215579509735107422e-01
-1.146043777465820312e+00 -1.150316357612609863e+00
2.169408500194549561e-01 1.268362402915954590e-01
-7.941707968711853027e-01 -9.003593921661376953e-01
2.470528125762939453e+00 2.421311140060424805e+00
-1.741324663162231445e+00 -1.860085129737854004e+00
1.287509351968765259e-01 2.588045597076416016e-01
-2.049890518188476562e+00 -2.087282896041870117e+00
1.678382158279418945e+00 1.518035531044006348e+00
-4.819816350936889648e-01 -4.930251240730285645e-01
-8.944723606109619141e-01 -9.624812006950378418e-01
-1.020684018731117249e-01 -1.166250929236412048e-02
-3.400699198246002197e-01 -5.410265326499938965e-01
-4.351739883422851562e-01 -3.842717409133911133e-01
-2.574305832386016846e-01 -4.502903819084167480e-01
4.341087818145751953e+00 4.257079124450683594e+00
-1.562127828598022461e+00 -1.547549128532409668e+00
1.112249374389648438e+00 9.256383776664733887e-01
-2.059246778488159180e+00 -2.061775684356689453e+00
-1.645597338676452637e+00 -1.621979594230651855e+00
2.160122692584991455e-01 -6.452507525682449341e-02
1.828028202056884766e+00 1.816094756126403809e+00
5.350223183631896973e-01 6.160416007041931152e-01
3.106141090393066406e+00 3.150736093521118164e+00
-6.783933844417333603e-03 3.003820776939392090e-03
-4.428064823150634766e-01 -4.043537974357604980e-01
1.276868462562561035e+00 1.153051257133483887e+00
1.440147757530212402e+00 1.432295441627502441e+00
2.413449734449386597e-01 3.323869109153747559e-01
7.650457620620727539e-01 8.238231539726257324e-01
-1.213203221559524536e-01 -7.859562337398529053e-02
-1.279304027557373047e+00 -1.343789219856262207e+00
-8.088216781616210938e-01 -7.950769066810607910e-01
1.196367383003234863e+00 1.174529433250427246e+00
2.398399829864501953e+00 2.086762905120849609e+00
-1.651428937911987305e+00 -1.637101531028747559e+00
-3.204098463058471680e+00 -3.077248334884643555e+00
1.389019966125488281e+00 1.525881171226501465e+00
3.564861059188842773e+00 3.267561912536621094e+00
1.778853297233581543e+00 1.645133137702941895e+00
4.721381664276123047e+00 4.675303459167480469e+00
2.973662376403808594e+00 3.040426969528198242e+00
1.176488399505615234e+00 1.119638323783874512e+00
-9.345672130584716797e-01 -9.586706757545471191e-01
-3.169286727905273438e+00 -3.246220350265502930e+00
9.085404872894287109e-02 3.623562678694725037e-02
1.934243738651275635e-01 1.472731083631515503e-01
-2.916276216506958008e+00 -3.006564140319824219e+00
7.627097964286804199e-01 7.831362485885620117e-01
2.553529739379882812e-01 2.613840997219085693e-01
-1.318114399909973145e+00 -1.614218831062316895e+00
-2.374265342950820923e-01 -3.274484872817993164e-01
-2.064767181873321533e-01 -2.301100492477416992e-01
