7.436974644660949707e-01 9.035525918006896973e-01
3.862497091293334961e+00 3.924717426300048828e+00
2.300981998443603516e+00 2.343295335769653320e+00
5.650378704071044922e+00 5.295519828796386719e+00
5.323880314826965332e-01 5.225282311439514160e-01
1.235378503799438477e+00 1.431137919425964355e+00
1.255002498626708984e+00 9.472709298133850098e-01
3.627138733863830566e-01 4.446936547756195068e-01
2.569386005401611328e+00 2.521894693374633789e+00
6.113787651062011719e+00 6.361414909362792969e+00
4.924091696739196777e-01 5.799980163574218750e-01
6.806127429008483887e-01 4.227084517478942871e-01
4.404992103576660156e+00 4.400827407836914062e+00
7.385531663894653320e-01 5.901879668235778809e-01
2.637930154800415039e+00 2.462992906570434570e+00
9.578344821929931641e-01 8.758122324943542480e-01
7.407545447349548340e-01 8.758141398429870605e-01
6.672002673149108887e-01 9.988593459129333496e-01
1.754424691200256348e+00 1.317533612251281738e+00
5.992709994316101074e-01 8.639956116676330566e-01
2.262734651565551758e+00 2.278063058853149414e+00
3.235119342803955078e+00 3.184077501296997070e+00
2.554020166397094727e+00 2.522455692291259766e+00
9.116439223289489746e-01 9.997202157974243164e-01
5.332262516021728516e-01 8.032352328300476074e-01
6.244057416915893555e-01 7.636480331420898438e-01
1.427410721778869629e+00 9.925752878189086914e-01
8.263864517211914062e-01 6.053817272186279297e-01
2.183721542358398438e+00 2.242976665496826172e+00
2.727223634719848633e+00 2.711492300033569336e+00
1.266654014587402344e+00 8.724291324615478516e-01
8.213524818420410156e-01 8.790667057037353516e-01
1.325238227844238281e+00 1.775065064430236816e+00
1.852989912033081055e+00 1.888582825660705566e+00
3.511623740196228027e-01 4.095930159091949463e-01
6.121961593627929688e+00 6.081137180328369141e+00
7.353277802467346191e-01 7.690982222557067871e-01
1.122518301010131836e+00 1.312909960746765137e+00
1.384615063667297363e+00 1.159693837165832520e+00
1.133727312088012695e+00 1.251278638839721680e+00
1.814744114875793457e+00 1.897197008132934570e+00
1.404264807701110840e+00 1.169605612754821777e+00
9.584257602691650391e-01 1.169605612754821777e+00
7.797857373952865601e-02 2.845704853534698486e-01
1.772785186767578125e+00 2.159449100494384766e+00
4.053359031677246094e+00 4.310781478881835938e+00
3.780103921890258789e+00 3.952266693115234375e+00
2.030460119247436523e+00 2.244916677474975586e+00
6.937724351882934570e-01 7.248036265373229980e-01
1.422503232955932617e+00 1.702071785926818848e+00
5.854526996612548828e+00 6.083441734313964844e+00
9.044358134269714355e-01 1.078076243400573730e+00
5.176912307739257812e+00 5.284132957458496094e+00
8.613517284393310547e-01 1.044427037239074707e+00
1.969126939773559570e+00 2.198015928268432617e+00
1.866926848888397217e-01 2.668152153491973877e-01
2.562440156936645508e+00 2.587825775146484375e+00
8.887968659400939941e-01 9.603746533393859863e-01
2.035241365432739258e+00 2.192722558975219727e+00
1.886064648628234863e+00 2.149791002273559570e+00
1.211212873458862305e+00 1.158376336097717285e+00
1.459682226181030273e+00 1.201993584632873535e+00
1.095833778381347656e+00 1.169361233711242676e+00
1.201910495758056641e+00 7.756041288375854492e-01
2.396450042724609375e+00 2.448487520217895508e+00
2.845116376876831055e+00 2.903000116348266602e+00
8.383830189704895020e-01 7.654203772544860840e-01
9.074309468269348145e-01 1.017817258834838867e+00
2.364764690399169922e+00 2.478082418441772461e+00
2.697171449661254883e+00 3.014425516128540039e+00
8.357439041137695312e-01 6.836158633232116699e-01
2.466141700744628906e+00 2.458745956420898438e+00
1.325971126556396484e+00 1.547238349914550781e+00
9.791576862335205078e-01 1.097714304924011230e+00
3.139202117919921875e+00 3.148329496383666992e+00
1.085958957672119141e+00 1.303028225898742676e+00
1.084513425827026367e+00 1.303028225898742676e+00
1.521498322486877441e+00 1.224662899971008301e+00
1.566963315010070801e+00 1.132246851921081543e+00
8.970424532890319824e-01 9.233509302139282227e-01
9.339831471443176270e-01 9.233703017234802246e-01
1.206044077873229980e+00 1.427922487258911133e+00
1.084752440452575684e+00 1.162805557250976562e+00
1.675541400909423828e+00 1.365289807319641113e+00
1.245003938674926758e+00 1.364697456359863281e+00
5.987191200256347656e+00 6.157060623168945312e+00
2.353980779647827148e+00 2.456824541091918945e+00
3.717109203338623047e+00 4.005205631256103516e+00
1.569652795791625977e+00 1.499918341636657715e+00
2.956269025802612305e+00 2.803507328033447266e+00
1.561807394027709961e+00 1.594581365585327148e+00
4.462287902832031250e+00 4.373844146728515625e+00
3.196563959121704102e+00 3.369352102279663086e+00
1.333137631416320801e+00 1.379183650016784668e+00
3.015241384506225586e+00 3.037420272827148438e+00
6.683355569839477539e-01 8.483138084411621094e-01
2.632130861282348633e+00 2.547915220260620117e+00
1.219457745552062988e+00 1.363938689231872559e+00
1.648311495780944824e+00 1.645271897315979004e+00
1.962407469749450684e+00 1.854102969169616699e+00
2.659038066864013672e+00 2.686372995376586914e+00
3.586955308914184570e+00 3.436790466308593750e+00
1.756583452224731445e+00 1.781094908714294434e+00
5.822715759277343750e+00 6.119106292724609375e+00
9.929372668266296387e-01 8.905721902847290039e-01
1.467278599739074707e+00 1.502268671989440918e+00
1.526739478111267090e+00 1.602531790733337402e+00
1.096929192543029785e+00 1.336429238319396973e+00
1.066469669342041016e+00 1.363180994987487793e+00
1.316687345504760742e+00 1.426240086555480957e+00
2.959285676479339600e-01 3.338265717029571533e-01
3.378105878829956055e+00 3.390923738479614258e+00
1.703111886978149414e+00 1.797080397605895996e+00
2.814423799514770508e+00 2.811165332794189453e+00
4.145862579345703125e+00 4.318693637847900391e+00
2.093867063522338867e+00 2.350235939025878906e+00
3.008221387863159180e+00 3.326896905899047852e+00
3.062968969345092773e+00 3.345344543457031250e+00
3.345590591430664062e+00 2.429543256759643555e+00
3.263971567153930664e+00 3.120862245559692383e+00
3.450980901718139648e+00 3.317376136779785156e+00
2.492131948471069336e+00 2.590802431106567383e+00
3.051888942718505859e+00 3.670881986618041992e+00
2.807755947113037109e+00 2.964238405227661133e+00
3.015247344970703125e+00 2.989851951599121094e+00
1.962035894393920898e+00 2.090033292770385742e+00
1.622559428215026855e+00 1.623223900794982910e+00
2.001800298690795898e+00 1.969675421714782715e+00
1.183868169784545898e+00 1.372851490974426270e+00
2.777578830718994141e+00 2.630921125411987305e+00
5.363681316375732422e+00 5.244053840637207031e+00
3.284751653671264648e+00 3.070860147476196289e+00
2.670829057693481445e+00 2.602306842803955078e+00
3.221109867095947266e+00 3.345142126083374023e+00
2.904080867767333984e+00 3.056493759155273438e+00
4.924067497253417969e+00 5.112293243408203125e+00
8.088008165359497070e-01 7.512634396553039551e-01
9.074033498764038086e-01 1.774067163467407227e+00
1.750193238258361816e+00 1.893732786178588867e+00
1.916824460029602051e+00 1.972104668617248535e+00
3.453818559646606445e+00 3.484892845153808594e+00
2.337719202041625977e+00 2.472987651824951172e+00
1.128569483757019043e+00 1.062213420867919922e+00
1.917932510375976562e+00 1.820345044136047363e+00
2.076429367065429688e+00 1.857018828392028809e+00
2.720668077468872070e+00 2.314638853073120117e+00
2.530077695846557617e+00 3.038382053375244141e+00
3.607487916946411133e+00 3.397015333175659180e+00
1.762498259544372559e+00 1.894782185554504395e+00
2.430253744125366211e+00 2.743453264236450195e+00
1.367371995002031326e-03 6.160751730203628540e-02
2.725153923034667969e+00 2.865656614303588867e+00
2.363749444484710693e-01 3.076734244823455811e-01
1.856105327606201172e+00 1.922759771347045898e+00
1.314092159271240234e+00 1.395043492317199707e+00
3.724273204803466797e+00 3.617626190185546875e+00
2.993147611618041992e+00 3.087486028671264648e+00
1.765641808509826660e+00 1.804689526557922363e+00
1.505231142044067383e+00 1.505987524986267090e+00
3.030706882476806641e+00 3.139947414398193359e+00
3.107028961181640625e+00 3.204498052597045898e+00
1.716123580932617188e+00 1.652399659156799316e+00
2.350836515426635742e+00 2.359549045562744141e+00
1.593162298202514648e+00 1.647489905357360840e+00
1.307795047760009766e+00 1.458329796791076660e+00
1.695501327514648438e+00 1.673992872238159180e+00
3.162102222442626953e+00 3.306953668594360352e+00
3.207422733306884766e+00 3.180269241333007812e+00
7.559035420417785645e-01 8.479624390602111816e-01
4.270202636718750000e+00 4.227296352386474609e+00
3.712776660919189453e+00 3.807159662246704102e+00
1.691904902458190918e+00 1.609444975852966309e+00
1.519382596015930176e+00 1.539632201194763184e+00
4.152812480926513672e+00 4.242244720458984375e+00
3.857800245285034180e+00 3.698318243026733398e+00
3.283709764480590820e+00 2.817589282989501953e+00
1.655176997184753418e+00 1.648161053657531738e+00
1.970985293388366699e+00 1.714368462562561035e+00
1.651087284088134766e+00 1.614966273307800293e+00
2.202034235000610352e+00 2.109559059143066406e+00
2.070495605468750000e+00 1.975153326988220215e+00
3.251828908920288086e+00 2.677935123443603516e+00
2.634840965270996094e+00 2.676243543624877930e+00
1.914352774620056152e+00 1.763555169105529785e+00
1.994308471679687500e+00 1.763816475868225098e+00
1.909101009368896484e+00 1.903581380844116211e+00
1.255493640899658203e+00 1.276550769805908203e+00
4.299318790435791016e+00 4.174913883209228516e+00
3.377487421035766602e+00 3.533704519271850586e+00
1.747507572174072266e+00 1.538445711135864258e+00
4.370842456817626953e+00 4.109500408172607422e+00
1.619961977005004883e+00 1.603306293487548828e+00
1.072805523872375488e+00 1.068132281303405762e+00
3.742740631103515625e+00 3.796104669570922852e+00
3.887634754180908203e+00 4.026086330413818359e+00
1.038223862648010254e+00 1.113463163375854492e+00
1.326346516609191895e+00 1.303656458854675293e+00
1.612769365310668945e+00 1.607068896293640137e+00
2.320643901824951172e+00 2.330650091171264648e+00
1.222154855728149414e+00 1.280610918998718262e+00
2.290940523147583008e+00 2.267433404922485352e+00
5.197862148284912109e+00 4.965185165405273438e+00
8.502471446990966797e-01 8.985434174537658691e-01
1.115714907646179199e+00 1.207601904869079590e+00
1.507371902465820312e+00 1.617843508720397949e+00
1.713447093963623047e+00 1.732924222946166992e+00
2.360152959823608398e+00 2.307704687118530273e+00
2.038594245910644531e+00 2.033313512802124023e+00
1.369332790374755859e+00 1.420047044754028320e+00
2.000226020812988281e+00 1.841945290565490723e+00
3.309009075164794922e+00 3.314798116683959961e+00
2.416814088821411133e+00 2.154355287551879883e+00
1.106440663337707520e+00 1.022749185562133789e+00
3.366114139556884766e+00 3.464138031005859375e+00
2.016806840896606445e+00 2.011367082595825195e+00
1.156541466712951660e+00 1.238936066627502441e+00
1.156497955322265625e+00 1.233694911003112793e+00
3.157645702362060547e+00 3.521839618682861328e+00
1.505521059036254883e+00 1.530370712280273438e+00
2.077593326568603516e+00 2.114385366439819336e+00
3.261474132537841797e+00 3.569482088088989258e+00
1.135208725929260254e+00 1.146387934684753418e+00
1.058173418045043945e+00 1.164749026298522949e+00
4.625229358673095703e+00 4.481142520904541016e+00
3.210278511047363281e+00 3.491761445999145508e+00
1.593586683273315430e+00 1.638493061065673828e+00
2.208946228027343750e+00 2.377717256546020508e+00
2.669559955596923828e+00 2.901677846908569336e+00
3.521170377731323242e+00 3.592174768447875977e+00
5.783201694488525391e+00 6.078671455383300781e+00
2.554224967956542969e+00 2.839432954788208008e+00
8.072787523269653320e-01 8.950136303901672363e-01
2.725764036178588867e+00 2.832770824432373047e+00
2.117877483367919922e+00 2.244011163711547852e+00
2.177434206008911133e+00 2.231222391128540039e+00
2.401773691177368164e+00 2.403108835220336914e+00
1.865478634834289551e+00 1.953589558601379395e+00
1.962790966033935547e+00 1.786747336387634277e+00
1.272703409194946289e+00 1.216837167739868164e+00
2.754695892333984375e+00 2.637061119079589844e+00
1.863260626792907715e+00 1.748938679695129395e+00
4.490805625915527344e+00 4.420840263366699219e+00
1.737532854080200195e+00 1.977503418922424316e+00
2.489296197891235352e+00 2.405691862106323242e+00
2.462050914764404297e+00 2.382367610931396484e+00
1.880486726760864258e+00 1.810719966888427734e+00
1.776966691017150879e+00 2.052110195159912109e+00
4.127949714660644531e+00 3.730616569519042969e+00
1.286451220512390137e+00 1.607476234436035156e+00
2.378375530242919922e+00 2.322617292404174805e+00
9.879121780395507812e-01 1.335352897644042969e+00
1.995559334754943848e+00 2.185458421707153320e+00
1.349887013435363770e+00 1.637082219123840332e+00
2.142573595046997070e+00 1.844239115715026855e+00
6.032406806945800781e+00 6.123635768890380859e+00
2.578349590301513672e+00 2.807352781295776367e+00
2.576636075973510742e+00 2.776765584945678711e+00
1.331481695175170898e+00 1.511189103126525879e+00
2.075514078140258789e+00 2.157636880874633789e+00
2.075939416885375977e+00 2.162683725357055664e+00
2.992509841918945312e+00 3.019226789474487305e+00
2.386852025985717773e+00 2.593019008636474609e+00
2.793302774429321289e+00 2.695276498794555664e+00
2.518144369125366211e+00 2.760136604309082031e+00
2.809972286224365234e+00 2.955206632614135742e+00
2.110322713851928711e+00 2.189160108566284180e+00
3.088711977005004883e+00 3.080273628234863281e+00
3.842641353607177734e+00 3.928129911422729492e+00
3.633664608001708984e+00 3.677570581436157227e+00
3.578358173370361328e+00 3.772933483123779297e+00
3.225574016571044922e+00 3.565850496292114258e+00
3.482090473175048828e+00 3.557675838470458984e+00
3.648093700408935547e+00 3.849696397781372070e+00
3.327415466308593750e+00 3.508877992630004883e+00
5.248557090759277344e+00 5.400501251220703125e+00
3.447204351425170898e+00 3.463058233261108398e+00
4.230546951293945312e+00 4.137218952178955078e+00
3.491054773330688477e+00 3.497313499450683594e+00
3.060271501541137695e+00 3.020879507064819336e+00
3.912581205368041992e+00 4.263072013854980469e+00
3.049021005630493164e+00 3.232209920883178711e+00
3.691587448120117188e+00 3.942505121231079102e+00
4.224201202392578125e+00 4.233109951019287109e+00
3.398535013198852539e+00 3.709156990051269531e+00
3.849252939224243164e+00 3.705625772476196289e+00
3.339756488800048828e+00 3.765590429306030273e+00
2.661612749099731445e+00 2.799455642700195312e+00
3.510325431823730469e+00 3.697173595428466797e+00
5.703434944152832031e+00 5.616581439971923828e+00
3.411509752273559570e+00 3.610142946243286133e+00
1.359862327575683594e+00 1.656466960906982422e+00
3.312719345092773438e+00 3.515933752059936523e+00
3.750556230545043945e+00 3.740244150161743164e+00
9.498691558837890625e-01 9.080458879470825195e-01
4.494105815887451172e+00 4.771642684936523438e+00
2.231053113937377930e+00 2.256550312042236328e+00
8.621339201927185059e-01 9.165396094322204590e-01
2.356731176376342773e+00 2.519376039505004883e+00
1.017653346061706543e+00 1.112853407859802246e+00
3.101955652236938477e+00 2.486419677734375000e+00
2.473036050796508789e+00 2.504823684692382812e+00
5.235636234283447266e+00 5.453684806823730469e+00
2.231994628906250000e+00 2.234378099441528320e+00
1.019252061843872070e+00 1.050799846649169922e+00
4.572224020957946777e-01 5.880027413368225098e-01
5.493355393409729004e-01 8.140941858291625977e-01
1.124072432518005371e+00 1.370757699012756348e+00
7.953231930732727051e-01 8.185791373252868652e-01
9.478256702423095703e-01 1.125712394714355469e+00
3.127132892608642578e+00 3.233444690704345703e+00
1.684279799461364746e+00 1.376944780349731445e+00
1.522897481918334961e+00 1.183794736862182617e+00
4.023365020751953125e+00 3.960544824600219727e+00
1.199517846107482910e+00 1.513650655746459961e+00
9.841938614845275879e-01 7.019423246383666992e-01
2.082128524780273438e+00 2.254900455474853516e+00
1.000176191329956055e+00 1.043416023254394531e+00
3.181511402130126953e+00 3.297544002532958984e+00
2.048874378204345703e+00 2.210032701492309570e+00
5.463331341743469238e-01 6.608560085296630859e-01
5.233104228973388672e-01 6.158102750778198242e-01
2.191806793212890625e+00 2.223298788070678711e+00
3.822288751602172852e+00 3.589974403381347656e+00
1.041595578193664551e+00 1.158728480339050293e+00
7.907530069351196289e-01 7.530763745307922363e-01
5.947537720203399658e-02 1.428782641887664795e-01
2.626219689846038818e-01 1.407920420169830322e-01
2.463054180145263672e+00 2.479960441589355469e+00
2.523905277252197266e+00 2.401462554931640625e+00
6.275370717048645020e-01 8.431883454322814941e-01
4.307373046875000000e+00 4.277216911315917969e+00
3.125877678394317627e-01 1.815885901451110840e-01
7.351939082145690918e-01 7.067973613739013672e-01
2.392268896102905273e+00 2.197552680969238281e+00
2.250513792037963867e+00 2.769102811813354492e+00
1.279651641845703125e+00 1.037620782852172852e+00
2.944990634918212891e+00 3.065679550170898438e+00
6.119914531707763672e+00 6.358740806579589844e+00
2.362751483917236328e+00 2.760959386825561523e+00
5.674750208854675293e-01 3.212601244449615479e-01
7.253843545913696289e-01 8.394616842269897461e-01
2.593218982219696045e-01 2.493584454059600830e-01
2.148326158523559570e+00 2.096359729766845703e+00
6.371873617172241211e-01 5.982236266136169434e-01
9.887573122978210449e-01 9.734039902687072754e-01
1.566112279891967773e+00 1.201330661773681641e+00
2.499864578247070312e+00 2.381793498992919922e+00
2.558422803878784180e+00 2.592069625854492188e+00
8.428535461425781250e-01 7.352204322814941406e-01
3.394093751907348633e+00 3.427471637725830078e+00
1.142526268959045410e+00 1.170274734497070312e+00
2.242059469223022461e+00 2.401860713958740234e+00
7.183391451835632324e-01 7.722151279449462891e-01
1.306521177291870117e+00 1.450801968574523926e+00
1.476213216781616211e+00 1.191583395004272461e+00
2.479933738708496094e+00 2.544219017028808594e+00
3.504576683044433594e+00 3.675947904586791992e+00
2.042949438095092773e+00 1.954062819480895996e+00
3.098209619522094727e+00 3.138142585754394531e+00
1.337894082069396973e+00 1.187568902969360352e+00
9.707454442977905273e-01 1.187568902969360352e+00
1.254362106323242188e+00 1.061778306961059570e+00
2.374558448791503906e+00 2.496804714202880859e+00
2.370213747024536133e+00 2.512937545776367188e+00
4.346759796142578125e+00 4.446941852569580078e+00
1.435494542121887207e+00 1.468461275100708008e+00
8.715879917144775391e-01 8.234997987747192383e-01
2.503180503845214844e+00 2.461329460144042969e+00
1.326589107513427734e+00 1.353285312652587891e+00
1.663125038146972656e+00 1.497128963470458984e+00
1.351216912269592285e+00 1.315706133842468262e+00
2.270983695983886719e+00 2.461329460144042969e+00
1.352355480194091797e+00 1.366787314414978027e+00
1.207668423652648926e+00 1.182847499847412109e+00
1.153317093849182129e+00 1.057468652725219727e+00
9.020122289657592773e-01 9.796130061149597168e-01
9.055431485176086426e-01 9.882460832595825195e-01
3.847425937652587891e+00 3.876049518585205078e+00
3.195873022079467773e+00 3.348738908767700195e+00
4.296977519989013672e+00 4.258594036102294922e+00
1.678906202316284180e+00 1.522067427635192871e+00
3.735166072845458984e+00 4.001274585723876953e+00
1.358424067497253418e+00 1.478692650794982910e+00
2.257310867309570312e+00 2.206627368927001953e+00
1.578180909156799316e+00 1.568692088127136230e+00
1.244457840919494629e+00 1.370767593383789062e+00
1.511738181114196777e+00 1.356830239295959473e+00
2.898019313812255859e+00 2.802045345306396484e+00
1.169428586959838867e+00 1.353029251098632812e+00
7.077645659446716309e-01 7.523303627967834473e-01
1.281013011932373047e+00 1.353034973144531250e+00
1.638209223747253418e+00 1.666779279708862305e+00
1.820694088935852051e+00 1.716019034385681152e+00
2.316629171371459961e+00 2.268541097640991211e+00
1.090053796768188477e+00 1.148721933364868164e+00
1.076731443405151367e+00 1.154666662216186523e+00
3.207412004470825195e+00 3.141682147979736328e+00
1.508651614189147949e+00 1.358395576477050781e+00
5.782276630401611328e+00 5.734916687011718750e+00
4.323613643646240234e+00 4.446773529052734375e+00
1.460412979125976562e+00 1.519812107086181641e+00
4.283678054809570312e+00 4.286363601684570312e+00
1.288641333580017090e+00 1.291274070739746094e+00
2.645933389663696289e+00 2.461085319519042969e+00
2.456120491027832031e+00 2.553822517395019531e+00
2.234029531478881836e+00 2.135903596878051758e+00
2.025592803955078125e+00 2.155169248580932617e+00
2.828567504882812500e+00 2.894001483917236328e+00
2.225095033645629883e+00 2.309656620025634766e+00
2.189599037170410156e+00 2.048667430877685547e+00
3.367410182952880859e+00 3.442726373672485352e+00
3.454054594039916992e+00 3.441244602203369141e+00
3.105639457702636719e+00 3.115967750549316406e+00
2.764801025390625000e+00 3.118151664733886719e+00
3.352006912231445312e+00 3.296205043792724609e+00
2.219591379165649414e+00 2.340852737426757812e+00
2.992340564727783203e+00 2.774900674819946289e+00
4.883644104003906250e+00 5.104245185852050781e+00
3.143158197402954102e+00 2.915105819702148438e+00
3.152115821838378906e+00 2.955089807510375977e+00
1.558137416839599609e+00 1.574086546897888184e+00
1.898220181465148926e+00 2.041293621063232422e+00
2.834513425827026367e+00 2.760627746582031250e+00
3.287744283676147461e+00 3.120552539825439453e+00
3.016557931900024414e+00 3.026468992233276367e+00
2.543980121612548828e+00 2.930369377136230469e+00
1.663825869560241699e+00 1.450632810592651367e+00
2.820422649383544922e+00 2.910897731781005859e+00
4.840536117553710938e+00 4.414832115173339844e+00
5.918535232543945312e+00 5.792312622070312500e+00
2.548670530319213867e+00 2.665089607238769531e+00
1.756301403045654297e+00 1.938891172409057617e+00
5.232961177825927734e+00 5.227493286132812500e+00
2.256128549575805664e+00 2.200260400772094727e+00
1.424932718276977539e+00 1.115060329437255859e+00
2.563045978546142578e+00 2.466308116912841797e+00
2.492868661880493164e+00 2.325556278228759766e+00
2.616351604461669922e+00 2.976754188537597656e+00
4.787689685821533203e+00 4.991209983825683594e+00
2.306841850280761719e+00 2.157196521759033203e+00
2.712399959564208984e+00 2.829673051834106445e+00
3.177662372589111328e+00 3.116901397705078125e+00
5.627799034118652344e+00 6.000424861907958984e+00
1.813429832458496094e+00 1.687529563903808594e+00
3.597303628921508789e+00 3.435907840728759766e+00
2.235203027725219727e+00 2.320514917373657227e+00
1.180389285087585449e+00 1.238392114639282227e+00
3.417504310607910156e+00 3.419823169708251953e+00
2.252290248870849609e+00 1.767264842987060547e+00
2.183410882949829102e+00 2.037313222885131836e+00
3.204362154006958008e+00 2.790266513824462891e+00
5.772866249084472656e+00 5.774888992309570312e+00
-1.743483692407608032e-01 1.072144210338592529e-01
7.078348994255065918e-01 5.630835294723510742e-01
1.047816500067710876e-01 7.421770691871643066e-02
2.006170749664306641e+00 1.939849853515625000e+00
2.881482601165771484e+00 2.781392097473144531e+00
1.800033688545227051e+00 1.933418631553649902e+00
9.210262894630432129e-01 5.966834425926208496e-01
4.697105288505554199e-01 7.447271347045898438e-01
1.409143686294555664e+00 1.272017002105712891e+00
1.115967750549316406e+00 1.143256902694702148e+00
4.459729671478271484e+00 4.643894195556640625e+00
3.863457441329956055e+00 3.848782062530517578e+00
1.797454953193664551e+00 1.888053178787231445e+00
3.491851091384887695e+00 3.454629421234130859e+00
1.442004323005676270e+00 1.447789907455444336e+00
3.112852573394775391e+00 3.209017276763916016e+00
1.637563228607177734e+00 1.568777084350585938e+00
1.583627462387084961e+00 1.711786627769470215e+00
2.214119672775268555e+00 1.735798954963684082e+00
3.033751726150512695e+00 2.888963699340820312e+00
3.754324197769165039e+00 3.537841320037841797e+00
6.061861038208007812e+00 5.964853763580322266e+00
1.870653033256530762e+00 1.729848146438598633e+00
3.821671009063720703e+00 4.100318908691406250e+00
4.250093460083007812e+00 4.166698455810546875e+00
1.963033080101013184e+00 2.226842880249023438e+00
1.667903780937194824e+00 1.612082004547119141e+00
2.952352523803710938e+00 3.079193115234375000e+00
2.193314075469970703e+00 2.142129421234130859e+00
1.342150926589965820e+00 1.608120203018188477e+00
1.437353968620300293e+00 1.395301818847656250e+00
2.234863519668579102e+00 1.836334824562072754e+00
1.765467643737792969e+00 1.569178938865661621e+00
1.695864677429199219e+00 1.790505886077880859e+00
1.926912903785705566e+00 1.557887792587280273e+00
7.930594682693481445e-01 8.164877891540527344e-01
3.639501333236694336e+00 3.593394994735717773e+00
4.383292675018310547e+00 4.211705207824707031e+00
9.913098812103271484e-01 9.323823451995849609e-01
1.041233301162719727e+00 9.590863585472106934e-01
4.534028053283691406e+00 4.936980247497558594e+00
1.039322257041931152e+00 1.087855935096740723e+00
7.832988500595092773e-01 9.488492012023925781e-01
4.542612552642822266e+00 4.421810150146484375e+00
1.362572669982910156e+00 1.456972122192382812e+00
3.826655387878417969e+00 4.191224098205566406e+00
1.496474981307983398e+00 1.433737993240356445e+00
1.709303021430969238e+00 1.898839235305786133e+00
3.410778284072875977e+00 3.502874612808227539e+00
2.873695850372314453e+00 2.935574769973754883e+00
2.311288118362426758e+00 2.311978340148925781e+00
2.179811954498291016e+00 2.141389369964599609e+00
2.083954811096191406e+00 2.309010982513427734e+00
1.949282050132751465e+00 2.142265081405639648e+00
2.076257944107055664e+00 2.420380115509033203e+00
1.965180277824401855e+00 2.011317253112792969e+00
1.934428930282592773e+00 2.078647851943969727e+00
3.075787067413330078e+00 3.214642763137817383e+00
1.617146372795104980e+00 1.508699297904968262e+00
1.946863412857055664e+00 1.810235261917114258e+00
2.985504627227783203e+00 3.075632572174072266e+00
3.722565650939941406e+00 3.387746095657348633e+00
4.036827087402343750e+00 4.162658691406250000e+00
4.040595531463623047e+00 4.479259490966796875e+00
4.288431167602539062e+00 4.158216476440429688e+00
2.861104965209960938e+00 2.949532508850097656e+00
3.643352508544921875e+00 3.202174901962280273e+00
4.258425712585449219e+00 4.445293426513671875e+00
4.368735790252685547e+00 4.216209411621093750e+00
3.714112997055053711e+00 3.620626449584960938e+00
3.209456920623779297e+00 3.255144119262695312e+00
3.799883365631103516e+00 3.639034271240234375e+00
5.300375938415527344e+00 5.012930870056152344e+00
1.534741640090942383e+00 1.570357322692871094e+00
3.176453590393066406e+00 2.655074119567871094e+00
1.011633038520812988e+00 1.059460639953613281e+00
1.829860091209411621e+00 2.023373126983642578e+00
1.621374964714050293e+00 1.748926877975463867e+00
3.235253810882568359e+00 2.882756710052490234e+00
2.326523303985595703e+00 2.457798242568969727e+00
1.738513350486755371e+00 2.069973945617675781e+00
2.695450544357299805e+00 2.824852943420410156e+00
1.695873618125915527e+00 1.804429292678833008e+00
5.423433303833007812e+00 5.259241104125976562e+00
1.741835832595825195e+00 1.930069208145141602e+00
5.185606956481933594e+00 4.842290878295898438e+00
4.758259773254394531e+00 4.262182235717773438e+00
2.229588508605957031e+00 1.957819700241088867e+00
2.287252426147460938e+00 2.274788856506347656e+00
1.797148823738098145e+00 1.961221337318420410e+00
2.316565275192260742e+00 2.198586463928222656e+00
2.367669105529785156e+00 2.321590423583984375e+00
1.702564477920532227e+00 1.419912457466125488e+00
2.362238407135009766e+00 2.378901958465576172e+00
5.849069595336914062e+00 5.713870048522949219e+00
2.159317255020141602e+00 2.052075386047363281e+00
1.480095744132995605e+00 1.206456661224365234e+00
1.197418332099914551e+00 1.206456661224365234e+00
2.700816154479980469e+00 2.763678073883056641e+00
2.543251276016235352e+00 2.681264162063598633e+00
2.520959377288818359e+00 2.767370700836181641e+00
2.485923290252685547e+00 2.689379692077636719e+00
2.842117547988891602e+00 2.708133459091186523e+00
2.859872817993164062e+00 2.763228416442871094e+00
2.669102191925048828e+00 2.753617286682128906e+00
2.810547828674316406e+00 2.794098377227783203e+00
2.830951213836669922e+00 2.847305774688720703e+00
2.610193490982055664e+00 2.699024200439453125e+00
2.668669700622558594e+00 2.794426918029785156e+00
2.658808231353759766e+00 2.670464992523193359e+00
3.106141090393066406e+00 3.211356401443481445e+00
2.115377902984619141e+00 2.338301658630371094e+00
3.731975793838500977e+00 3.790425777435302734e+00
2.678369998931884766e+00 2.705645561218261719e+00
3.332395076751708984e+00 3.340287685394287109e+00
3.827337980270385742e+00 3.800170421600341797e+00
2.729887723922729492e+00 2.715349435806274414e+00
2.840874433517456055e+00 2.925458192825317383e+00
3.892137527465820312e+00 3.798569917678833008e+00
3.540806293487548828e+00 3.309818506240844727e+00
5.523094177246093750e+00 5.417522430419921875e+00
3.186467409133911133e+00 3.328199386596679688e+00
3.058514118194580078e+00 2.942569971084594727e+00
4.328750610351562500e+00 4.430574417114257812e+00
3.033704757690429688e+00 3.083688020706176758e+00
3.196762800216674805e+00 3.182114124298095703e+00
4.445381164550781250e+00 4.086966514587402344e+00
3.297538995742797852e+00 3.712346315383911133e+00
3.899950265884399414e+00 3.441856861114501953e+00
3.185411214828491211e+00 3.133018016815185547e+00
5.366672039031982422e+00 4.996873855590820312e+00
1.514257431030273438e+00 1.266763806343078613e+00
1.219758391380310059e+00 1.251248478889465332e+00
2.462534189224243164e+00 2.552214860916137695e+00
1.674013495445251465e+00 1.408790230751037598e+00
2.381642341613769531e+00 2.504335165023803711e+00
8.850309252738952637e-01 8.788872957229614258e-01
2.315259456634521484e+00 2.037068843841552734e+00
4.449689984321594238e-01 6.261209249496459961e-01
5.837516784667968750e-01 7.167704105377197266e-01
2.252303361892700195e+00 1.969911217689514160e+00
2.645136833190917969e+00 2.710106611251831055e+00
1.065625786781311035e+00 1.190609574317932129e+00
1.532417654991149902e+00 1.625866532325744629e+00
7.740177512168884277e-01 7.359052896499633789e-01
6.197981834411621094e-01 7.359052896499633789e-01
1.966131210327148438e+00 2.024321794509887695e+00
2.090129137039184570e+00 2.131892919540405273e+00
1.221123218536376953e+00 1.475307583808898926e+00
2.100623130798339844e+00 2.130171537399291992e+00
7.340612411499023438e-01 7.140315771102905273e-01
9.027610421180725098e-01 1.029147505760192871e+00
1.059776782989501953e+00 6.122363805770874023e-01
1.528633236885070801e+00 1.325189828872680664e+00
7.842858433723449707e-01 8.373709917068481445e-01
2.791410446166992188e+00 2.744737386703491211e+00
1.204801082611083984e+00 1.261747479438781738e+00
2.190768718719482422e+00 2.161348581314086914e+00
5.104681253433227539e-01 5.730859041213989258e-01
7.654951214790344238e-01 8.046023845672607422e-01
9.747862219810485840e-01 1.106347322463989258e+00
2.586628198623657227e+00 2.685329914093017578e+00
1.805442810058593750e+00 1.959209084510803223e+00
6.051142215728759766e-01 6.402943134307861328e-01
1.393638014793395996e+00 1.297546744346618652e+00
2.032779216766357422e+00 2.063955545425415039e+00
1.644610404968261719e+00 1.376883387565612793e+00
2.666290760040283203e+00 2.758868455886840820e+00
2.909697294235229492e+00 3.203762054443359375e+00
1.276754498481750488e+00 1.376592397689819336e+00
1.728045344352722168e-01 1.489993631839752197e-01
6.539961099624633789e-01 7.363829612731933594e-01
7.817699909210205078e-01 8.112291097640991211e-01
1.640775799751281738e+00 1.027714014053344727e+00
9.265834093093872070e-01 9.049609899520874023e-01
1.244660615921020508e+00 1.448456883430480957e+00
1.257881283760070801e+00 1.333070635795593262e+00
2.525448322296142578e+00 2.297843217849731445e+00
1.209674835205078125e+00 1.601413369178771973e+00
1.016871571540832520e+00 1.043731570243835449e+00
5.617538452148437500e+00 5.791380405426025391e+00
4.196629524230957031e-01 3.586636483669281006e-01
8.383835554122924805e-01 1.019809722900390625e+00
1.875853538513183594e-01 3.084516227245330811e-01
2.607007503509521484e+00 2.808909177780151367e+00
4.661902904510498047e+00 4.756568908691406250e+00
2.116083800792694092e-01 2.046763300895690918e-01
2.231963872909545898e+00 1.931143641471862793e+00
8.624495863914489746e-01 7.789374589920043945e-01
1.205912470817565918e+00 1.321886420249938965e+00
2.914091646671295166e-01 1.095079705119132996e-01
1.290601372718811035e+00 1.453683733940124512e+00
1.435087442398071289e+00 1.183102965354919434e+00
1.120925307273864746e+00 1.012941837310791016e+00
2.142820119857788086e+00 2.090852737426757812e+00
7.675642967224121094e-01 8.953204154968261719e-01
9.802706241607666016e-01 1.108690142631530762e+00
8.638721704483032227e-01 7.882236242294311523e-01
2.451074361801147461e+00 2.768858432769775391e+00
4.760126590728759766e+00 5.152797698974609375e+00
8.664912581443786621e-01 9.471178054809570312e-01
6.880319714546203613e-01 7.448827028274536133e-01
2.938863277435302734e+00 2.737156152725219727e+00
1.602649092674255371e+00 1.407471776008605957e+00
1.365078091621398926e+00 1.231429457664489746e+00
9.998447299003601074e-01 1.141391515731811523e+00
1.304673790931701660e+00 1.337374210357666016e+00
1.558731913566589355e+00 1.296556591987609863e+00
3.042633771896362305e+00 2.937558174133300781e+00
1.284635066986083984e+00 1.197047233581542969e+00
9.084534049034118652e-01 9.192504882812500000e-01
1.292008042335510254e+00 1.209647417068481445e+00
1.208604335784912109e+00 1.185144782066345215e+00
3.462524175643920898e+00 3.284620523452758789e+00
3.239567041397094727e+00 2.893093585968017578e+00
2.812150955200195312e+00 2.836724519729614258e+00
5.597088813781738281e+00 5.847912311553955078e+00
1.707873940467834473e+00 1.680601239204406738e+00
1.572117924690246582e+00 1.613890290260314941e+00
1.598353981971740723e+00 1.667831063270568848e+00
2.694866657257080078e+00 2.800967931747436523e+00
1.730715155601501465e+00 1.665377736091613770e+00
1.090308070182800293e+00 1.116301536560058594e+00
1.902458786964416504e+00 1.897483468055725098e+00
2.269771099090576172e+00 2.084754943847656250e+00
2.586792945861816406e+00 2.572945356369018555e+00
1.180073618888854980e+00 1.409259319305419922e+00
1.740652799606323242e+00 1.752351641654968262e+00
4.218281269073486328e+00 4.495458126068115234e+00
1.261183142662048340e+00 1.394650101661682129e+00
1.316637635231018066e+00 1.406218647956848145e+00
1.791457772254943848e+00 1.694101452827453613e+00
4.368147850036621094e+00 4.400321483612060547e+00
5.058419704437255859e+00 5.274357795715332031e+00
1.923500776290893555e+00 1.789749145507812500e+00
4.116909027099609375e+00 4.544907093048095703e+00
5.704957008361816406e+00 5.998392581939697266e+00
1.352617859840393066e+00 1.368540763854980469e+00
2.123173236846923828e+00 2.028403759002685547e+00
2.848863601684570312e+00 2.919734477996826172e+00
1.278306841850280762e+00 1.358351588249206543e+00
5.206165790557861328e+00 5.505632877349853516e+00
1.021473884582519531e+00 1.165121436119079590e+00
3.457682371139526367e+00 3.365898132324218750e+00
2.491839408874511719e+00 2.589178800582885742e+00
3.123509883880615234e+00 2.990581989288330078e+00
3.506654262542724609e+00 3.487739324569702148e+00
2.696234703063964844e+00 3.366878747940063477e+00
2.837562084197998047e+00 3.153298616409301758e+00
5.176122188568115234e+00 5.121123313903808594e+00
3.703956127166748047e+00 3.557419061660766602e+00
1.588490128517150879e+00 1.628175854682922363e+00
3.484008550643920898e+00 3.163055658340454102e+00
5.370625495910644531e+00 5.081129074096679688e+00
2.717250585556030273e+00 2.941546201705932617e+00
3.170839071273803711e+00 3.185837984085083008e+00
3.189607143402099609e+00 3.312618970870971680e+00
4.781401157379150391e+00 4.775454998016357422e+00
1.720920443534851074e+00 1.625354766845703125e+00
1.399078369140625000e+00 1.525499939918518066e+00
3.290997505187988281e+00 3.234776973724365234e+00
1.486500740051269531e+00 1.519932508468627930e+00
1.496760487556457520e+00 1.519962906837463379e+00
2.370474100112915039e+00 3.203974485397338867e+00
1.700026988983154297e+00 1.699441790580749512e+00
6.367779254913330078e+00 5.756462574005126953e+00
1.900501012802124023e+00 2.114654779434204102e+00
1.205613613128662109e+00 1.325223922729492188e+00
4.471819400787353516e+00 4.398255825042724609e+00
1.413425922393798828e+00 1.372238516807556152e+00
1.913899660110473633e+00 1.962581038475036621e+00
1.405761837959289551e+00 1.171976327896118164e+00
2.203033685684204102e+00 2.036659955978393555e+00
3.078920125961303711e+00 2.905636310577392578e+00
2.482157707214355469e+00 2.830265522003173828e+00
1.879819512367248535e+00 1.978393435478210449e+00
1.137116193771362305e+00 1.272510766983032227e+00
2.573717355728149414e+00 2.456783056259155273e+00
5.763904094696044922e+00 5.851027965545654297e+00
2.492318630218505859e+00 2.386686086654663086e+00
3.185766220092773438e+00 3.160449028015136719e+00
3.355954647064208984e+00 3.160449028015136719e+00
1.927725076675415039e+00 1.905700445175170898e+00
4.391303062438964844e+00 4.621050357818603516e+00
2.771451950073242188e+00 2.677810907363891602e+00
6.210949420928955078e+00 6.409524440765380859e+00
1.646862626075744629e+00 1.665101170539855957e+00
1.440504074096679688e+00 1.665101170539855957e+00
2.121842145919799805e+00 2.099416494369506836e+00
1.024273991584777832e+00 1.104563593864440918e+00
1.722598671913146973e+00 1.726264953613281250e+00
1.953548550605773926e+00 2.006016969680786133e+00
1.384062051773071289e+00 1.993075013160705566e+00
1.479038119316101074e+00 1.723183035850524902e+00
5.373603343963623047e+00 5.250625610351562500e+00
1.764080047607421875e+00 2.106552600860595703e+00
1.857560038566589355e+00 1.870224356651306152e+00
2.620315074920654297e+00 2.826753139495849609e+00
2.874793052673339844e+00 2.824734449386596680e+00
6.843595206737518311e-02 -1.719248667359352112e-02
2.197174310684204102e+00 1.962146878242492676e+00
2.560192823410034180e+00 2.647911787033081055e+00
1.759726107120513916e-01 2.007899582386016846e-01
6.455016732215881348e-01 7.899886369705200195e-01
8.272448182106018066e-01 7.431076765060424805e-01
2.653643608093261719e+00 2.740164041519165039e+00
2.733688592910766602e+00 2.740367412567138672e+00
1.896423816680908203e+00 1.694414019584655762e+00
1.693263769149780273e+00 1.863316178321838379e+00
1.555106639862060547e+00 1.499792695045471191e+00
2.094745397567749023e+00 2.107476472854614258e+00
1.053196668624877930e+00 1.180824637413024902e+00
4.065873146057128906e+00 3.860774755477905273e+00
2.598692178726196289e+00 2.622341871261596680e+00
1.555700778961181641e+00 1.473348259925842285e+00
5.839172840118408203e+00 6.045720577239990234e+00
1.560256361961364746e+00 1.466880440711975098e+00
1.510257124900817871e+00 1.451027274131774902e+00
9.944607019424438477e-01 9.241589307785034180e-01
7.816318869590759277e-01 8.114721775054931641e-01
1.421408295631408691e+00 1.579625010490417480e+00
4.340503215789794922e+00 4.260104656219482422e+00
5.487229347229003906e+00 5.459467411041259766e+00
1.759985685348510742e+00 1.665767669677734375e+00
3.353241205215454102e+00 3.494396924972534180e+00
4.209075450897216797e+00 4.207936763763427734e+00
4.298815727233886719e+00 4.759504795074462891e+00
4.128239631652832031e+00 4.090342044830322266e+00
1.567372202873229980e+00 1.672820210456848145e+00
1.686223506927490234e+00 1.597306847572326660e+00
1.918352246284484863e+00 1.842913985252380371e+00
2.564017772674560547e+00 2.683090448379516602e+00
1.591802835464477539e+00 1.645039677619934082e+00
6.208835601806640625e+00 5.510861873626708984e+00
4.229973793029785156e+00 4.281861782073974609e+00
2.498142957687377930e+00 2.556105852127075195e+00
1.392552614212036133e+00 1.456492424011230469e+00
1.116258025169372559e+00 1.159743189811706543e+00
1.412729144096374512e+00 1.692591190338134766e+00
2.079522132873535156e+00 2.336224317550659180e+00
1.538789033889770508e+00 1.363368749618530273e+00
2.856387853622436523e+00 3.096700906753540039e+00
2.823982238769531250e+00 2.906967878341674805e+00
1.743232846260070801e+00 1.878309845924377441e+00
2.315888643264770508e+00 2.235165834426879883e+00
2.539275407791137695e+00 2.816539525985717773e+00
1.354030489921569824e+00 1.410739541053771973e+00
2.004554986953735352e+00 1.831764578819274902e+00
2.773900508880615234e+00 2.790106534957885742e+00
1.354703545570373535e+00 1.291965126991271973e+00
1.116767168045043945e+00 1.108055949211120605e+00
2.492697000503540039e+00 2.493726491928100586e+00
3.263777256011962891e+00 3.488186836242675781e+00
1.611856698989868164e+00 1.720557928085327148e+00
3.836146593093872070e+00 3.508065462112426758e+00
3.643362283706665039e+00 3.455006122589111328e+00
2.836375236511230469e+00 2.592430830001831055e+00
1.531860113143920898e+00 1.555113196372985840e+00
1.676170825958251953e+00 1.479022383689880371e+00
3.525164127349853516e+00 3.386748552322387695e+00
2.507092237472534180e+00 2.292879343032836914e+00
4.044333934783935547e+00 4.286749362945556641e+00
4.524803638458251953e+00 4.286749362945556641e+00
2.439112901687622070e+00 2.524533987045288086e+00
1.499374151229858398e+00 1.493014335632324219e+00
2.523216485977172852e+00 2.532037258148193359e+00
3.637392520904541016e+00 3.641266584396362305e+00
4.749778747558593750e+00 4.358061790466308594e+00
4.129536151885986328e+00 4.171421527862548828e+00
4.565393447875976562e+00 4.192861557006835938e+00
2.588116168975830078e+00 2.910372495651245117e+00
4.099841117858886719e+00 4.176743507385253906e+00
4.343273162841796875e+00 4.184509754180908203e+00
2.704735040664672852e+00 2.523346900939941406e+00
2.830286026000976562e+00 2.999415636062622070e+00
4.227939128875732422e+00 4.294153690338134766e+00
3.104522943496704102e+00 3.221706151962280273e+00
2.018558502197265625e+00 1.874807000160217285e+00
2.512452840805053711e+00 2.879291057586669922e+00
1.259176492691040039e+00 1.135761737823486328e+00
2.591651916503906250e+00 2.977492094039916992e+00
2.493029117584228516e+00 2.672844886779785156e+00
2.998084068298339844e+00 2.959836006164550781e+00
1.957027912139892578e+00 1.819049954414367676e+00
5.717506885528564453e+00 5.812142372131347656e+00
2.833073616027832031e+00 2.275186300277709961e+00
2.747535943984985352e+00 2.993395805358886719e+00
2.595246791839599609e+00 2.757726907730102539e+00
2.791773319244384766e+00 2.780219554901123047e+00
2.354352235794067383e+00 2.146100521087646484e+00
3.254480361938476562e+00 3.244665384292602539e+00
1.175133109092712402e+00 1.249809861183166504e+00
2.477807998657226562e+00 2.844123125076293945e+00
1.675635695457458496e+00 1.469583272933959961e+00
5.554138183593750000e+00 5.001007080078125000e+00
2.537934780120849609e+00 2.508403062820434570e+00
3.266593933105468750e+00 2.969731092453002930e+00
2.771829366683959961e+00 2.601740598678588867e+00
2.701096534729003906e+00 2.590906381607055664e+00
2.725327014923095703e+00 2.705391645431518555e+00
2.787543296813964844e+00 2.647532939910888672e+00
4.630838871002197266e+00 4.810833454132080078e+00
3.010627746582031250e+00 2.934791803359985352e+00
4.137115955352783203e+00 4.145262718200683594e+00
3.043112277984619141e+00 3.083261728286743164e+00
3.049395561218261719e+00 3.121166229248046875e+00
3.875467538833618164e+00 3.862460613250732422e+00
3.858404874801635742e+00 3.854140520095825195e+00
3.398063421249389648e+00 3.365137815475463867e+00
4.293547153472900391e+00 4.482691764831542969e+00
3.351617574691772461e+00 3.595736503601074219e+00
3.274136781692504883e+00 3.321486473083496094e+00
2.934246301651000977e+00 2.990442037582397461e+00
3.207544803619384766e+00 3.038617610931396484e+00
3.971689462661743164e+00 4.359062671661376953e+00
4.234494686126708984e+00 4.154998779296875000e+00
3.380209445953369141e+00 3.131355762481689453e+00
3.333425760269165039e+00 3.090431451797485352e+00
3.430040359497070312e+00 3.349543333053588867e+00
3.916110754013061523e+00 3.588749885559082031e+00
3.795783758163452148e+00 3.349543571472167969e+00
3.053884983062744141e+00 2.934995889663696289e+00
3.996913671493530273e+00 4.092495918273925781e+00
9.555334448814392090e-01 9.372743368148803711e-01
1.870024085044860840e+00 1.549593329429626465e+00
3.178460597991943359e+00 3.401424169540405273e+00
3.372262477874755859e+00 3.401422023773193359e+00
5.459156036376953125e-01 6.098877787590026855e-01
4.288120865821838379e-01 4.001367390155792236e-01
2.611943960189819336e+00 2.584292888641357422e+00
3.768488645553588867e+00 3.931086063385009766e+00
5.716418743133544922e+00 5.941880702972412109e+00
6.155379414558410645e-01 5.882719755172729492e-01
4.488995075225830078e+00 4.496593475341796875e+00
2.526759624481201172e+00 2.462898015975952148e+00
2.692197084426879883e+00 2.732507467269897461e+00
1.589786767959594727e+00 1.190801739692687988e+00
8.433626890182495117e-01 9.032703042030334473e-01
1.423106431961059570e+00 1.253134608268737793e+00
6.813617348670959473e-01 7.436160445213317871e-01
3.325175523757934570e+00 3.480535745620727539e+00
9.877196550369262695e-01 1.386916518211364746e+00
1.939208149909973145e+00 2.049947500228881836e+00
1.342750549316406250e+00 1.041998624801635742e+00
5.432872772216796875e-01 7.909232974052429199e-01
9.818629026412963867e-01 1.062830924987792969e+00
6.821427345275878906e-01 7.909448742866516113e-01
1.940379738807678223e+00 2.101992845535278320e+00
1.237007141113281250e+00 1.437002062797546387e+00
1.003913879394531250e+00 1.009195089340209961e+00
4.309711754322052002e-01 6.934009790420532227e-01
1.313871145248413086e+00 1.552698493003845215e+00
6.068723797798156738e-01 6.632215380668640137e-01
8.756718635559082031e-01 9.506850242614746094e-01
2.699535608291625977e+00 2.968513011932373047e+00
5.759161710739135742e-01 6.383751630783081055e-01
8.256556987762451172e-01 8.065339922904968262e-01
6.572993993759155273e-01 6.016592383384704590e-01
1.859497308731079102e+00 1.448658108711242676e+00
1.407283544540405273e+00 9.816848635673522949e-01
5.689301714301109314e-02 2.198062539100646973e-01
-4.982608556747436523e-02 2.115623354911804199e-01
1.733036160469055176e+00 1.338828682899475098e+00
7.673297524452209473e-01 9.613416194915771484e-01
7.628536224365234375e-01 1.017628669738769531e+00
1.437822222709655762e+00 1.364780426025390625e+00
1.055665612220764160e-01 2.404818534851074219e-01
1.941156744956970215e+00 2.156494379043579102e+00
5.672031879425048828e+00 5.410338878631591797e+00
2.108320474624633789e+00 2.187898159027099609e+00
5.610637187957763672e+00 5.656239509582519531e+00
2.255970001220703125e+00 1.929479479789733887e+00
1.832554340362548828e+00 1.439277887344360352e+00
1.782928466796875000e+00 1.723913431167602539e+00
1.782017469406127930e+00 1.418160319328308105e+00
1.239106297492980957e+00 1.150137782096862793e+00
2.099518775939941406e-01 4.559157490730285645e-01
1.792782187461853027e+00 1.372525811195373535e+00
1.862402439117431641e+00 2.080950975418090820e+00
8.917864412069320679e-02 2.326414287090301514e-01
8.581845760345458984e-01 1.000860452651977539e+00
3.041251599788665771e-01 3.904639780521392822e-01
4.695640563964843750e+00 4.427861690521240234e+00
8.611924052238464355e-01 8.296496272087097168e-01
2.701829910278320312e+00 2.805829286575317383e+00
1.000473499298095703e+00 1.278923153877258301e+00
2.803178787231445312e+00 2.945289850234985352e+00
1.030118584632873535e+00 1.393319725990295410e+00
7.334953546524047852e-01 1.142708301544189453e+00
1.452841281890869141e+00 1.096410632133483887e+00
2.584309101104736328e+00 2.704453229904174805e+00
1.041856050491333008e+00 1.096410632133483887e+00
1.289102554321289062e+00 1.343817591667175293e+00
1.138139247894287109e+00 1.008671045303344727e+00
2.450345754623413086e+00 2.461799860000610352e+00
9.931458234786987305e-01 9.118791222572326660e-01
8.904392123222351074e-01 8.765301704406738281e-01
1.218082547187805176e+00 1.042000412940979004e+00
1.244660258293151855e+00 1.282874941825866699e+00
7.465070486068725586e-01 6.630712151527404785e-01
2.015057325363159180e+00 2.407819032669067383e+00
1.120987296104431152e+00 1.354858636856079102e+00
1.425388216972351074e+00 1.341724276542663574e+00
1.058769106864929199e+00 1.341724276542663574e+00
2.554541587829589844e+00 2.604299783706665039e+00
7.308351993560791016e-01 8.696427941322326660e-01
2.836384057998657227e+00 2.913494825363159180e+00
1.072642445564270020e+00 1.094064116477966309e+00
1.095632910728454590e+00 1.092755317687988281e+00
3.099380970001220703e+00 3.132352352142333984e+00
1.467703461647033691e+00 1.273375630378723145e+00
1.255324363708496094e+00 1.279437899589538574e+00
1.506604671478271484e+00 1.640205502510070801e+00
6.903153657913208008e-01 9.388759136199951172e-01
4.465078353881835938e+00 4.521234035491943359e+00
1.528251171112060547e+00 1.782804131507873535e+00
1.623167157173156738e+00 1.597119688987731934e+00
2.747177362442016602e+00 2.895406246185302734e+00
1.467974662780761719e+00 1.565742969512939453e+00
1.560760855674743652e+00 1.574769377708435059e+00
1.547553658485412598e+00 1.499628663063049316e+00
1.481548786163330078e+00 1.453131914138793945e+00
1.402197360992431641e+00 1.531524300575256348e+00
1.650053262710571289e+00 1.697887063026428223e+00
1.028900504112243652e+00 9.434456229209899902e-01
1.290977597236633301e+00 1.507646679878234863e+00
1.813542723655700684e+00 1.901907205581665039e+00
2.017452001571655273e+00 2.224251031875610352e+00
1.942260026931762695e+00 1.646136760711669922e+00
1.666468977928161621e+00 1.735728383064270020e+00
2.269405364990234375e+00 2.296571016311645508e+00
1.348727107048034668e+00 1.236037492752075195e+00
1.140765309333801270e+00 1.236037492752075195e+00
8.062697649002075195e-01 8.685398697853088379e-01
1.584059000015258789e+00 1.506161928176879883e+00
1.315036773681640625e+00 1.484835743904113770e+00
1.731418609619140625e+00 1.624310612678527832e+00
3.868379116058349609e+00 4.098086357116699219e+00
3.229407548904418945e+00 3.484349489212036133e+00
5.046670436859130859e+00 5.215901851654052734e+00
1.851366758346557617e+00 2.148622274398803711e+00
1.223261237144470215e+00 1.018057227134704590e+00
2.530177831649780273e+00 2.576912879943847656e+00
1.623525619506835938e+00 1.946992993354797363e+00
3.038665771484375000e+00 3.009948492050170898e+00
5.383083820343017578e+00 5.796866416931152344e+00
2.576975584030151367e+00 3.028856039047241211e+00
2.287691831588745117e+00 2.186562776565551758e+00
5.089003562927246094e+00 5.147251129150390625e+00
2.874332427978515625e+00 2.780481338500976562e+00
2.596891641616821289e+00 2.703060388565063477e+00
4.167162418365478516e+00 4.222801208496093750e+00
1.482516288757324219e+00 1.602609515190124512e+00
4.828107833862304688e+00 4.937320709228515625e+00
2.795167446136474609e+00 2.829450607299804688e+00
3.369990110397338867e+00 3.468083143234252930e+00
1.629682898521423340e+00 1.642395019531250000e+00
2.953204870223999023e+00 2.786355495452880859e+00
3.786572456359863281e+00 2.786355495452880859e+00
3.138766765594482422e+00 3.283643484115600586e+00
4.068219184875488281e+00 3.865472555160522461e+00
3.628755331039428711e+00 3.519945859909057617e+00
3.015018224716186523e+00 2.868055105209350586e+00
2.743986368179321289e+00 3.006908178329467773e+00
3.178414821624755859e+00 3.301581144332885742e+00
2.318541288375854492e+00 2.159292459487915039e+00
2.424695730209350586e+00 2.159292459487915039e+00
2.406919002532958984e-01 2.045850753784179688e-01
2.730917692184448242e+00 2.936479568481445312e+00
1.685239076614379883e+00 1.557387232780456543e+00
1.401479721069335938e+00 1.321596622467041016e+00
8.660923838615417480e-01 8.731130957603454590e-01
3.177513599395751953e+00 3.412692785263061523e+00
2.283051490783691406e+00 2.443458557128906250e+00
4.310083389282226562e+00 4.485143661499023438e+00
2.908873319625854492e+00 2.871691942214965820e+00
2.269797086715698242e+00 2.178484201431274414e+00
2.738141775131225586e+00 2.888116121292114258e+00
5.028717994689941406e+00 5.130275726318359375e+00
1.103573679924011230e+00 1.075932741165161133e+00
4.585937976837158203e+00 4.393494606018066406e+00
2.371756792068481445e+00 2.549002885818481445e+00
1.549581527709960938e+00 1.611875176429748535e+00
2.065194606781005859e+00 2.155265331268310547e+00
2.309375524520874023e+00 3.041161298751831055e+00
2.643355607986450195e+00 2.508753538131713867e+00
3.428359508514404297e+00 3.130395650863647461e+00
1.071895718574523926e+00 1.119098305702209473e+00
2.150227546691894531e+00 2.247362613677978516e+00
7.261180877685546875e-01 8.115414977073669434e-01
3.194389343261718750e-01 2.344042360782623291e-01
4.413410663604736328e+00 4.375537872314453125e+00
4.511451721191406250e+00 3.405583620071411133e+00
4.473302841186523438e+00 3.405539989471435547e+00
1.247600197792053223e+00 1.420367598533630371e+00
1.148476243019104004e+00 1.424392342567443848e+00
1.722577691078186035e+00 1.739105463027954102e+00
1.683837056159973145e+00 1.648283362388610840e+00
1.960383176803588867e+00 2.109715223312377930e+00
5.193297863006591797e+00 5.698992729187011719e+00
1.373253226280212402e+00 1.405975580215454102e+00
1.667530179023742676e+00 1.633292317390441895e+00
3.119009733200073242e+00 3.318729162216186523e+00
3.544091224670410156e+00 3.657965660095214844e+00
1.607781648635864258e+00 1.685305356979370117e+00
4.149591922760009766e+00 4.121791839599609375e+00
1.524812579154968262e+00 1.506928324699401855e+00
3.017695903778076172e+00 3.000780820846557617e+00
3.993649482727050781e+00 3.812919378280639648e+00
1.515490770339965820e+00 1.516935706138610840e+00
3.530158996582031250e+00 3.621316671371459961e+00
2.152371168136596680e+00 2.130654335021972656e+00
2.225891351699829102e+00 2.133727073669433594e+00
1.149760603904724121e+00 1.287292838096618652e+00
1.328998804092407227e+00 1.219259381294250488e+00
1.638492584228515625e+00 1.536748290061950684e+00
1.414892554283142090e+00 1.309911131858825684e+00
3.062789201736450195e+00 3.074387788772583008e+00
3.759156465530395508e+00 3.824243545532226562e+00
8.668016195297241211e-01 9.110994338989257812e-01
1.421160817146301270e+00 1.610895633697509766e+00
1.617630600929260254e+00 1.478601694107055664e+00
9.564241170883178711e-01 9.111477732658386230e-01
1.207055449485778809e+00 1.360893130302429199e+00
2.985551357269287109e+00 3.026553869247436523e+00
1.655935883522033691e+00 1.926308274269104004e+00
2.891203641891479492e+00 2.868686437606811523e+00
2.944636583328247070e+00 2.600066900253295898e+00
1.467394709587097168e+00 1.452214837074279785e+00
1.580591678619384766e+00 1.584532141685485840e+00
3.000457763671875000e+00 2.894769906997680664e+00
3.033507823944091797e+00 3.001528978347778320e+00
1.728664755821228027e+00 1.699431777000427246e+00
2.965382575988769531e+00 3.191750288009643555e+00
3.512282371520996094e+00 3.628045082092285156e+00
1.908283114433288574e+00 1.963197350502014160e+00
2.200485706329345703e+00 2.234229087829589844e+00
3.574897766113281250e+00 3.482319116592407227e+00
2.636395215988159180e+00 2.305556297302246094e+00
2.577819347381591797e+00 2.514395952224731445e+00
3.206357479095458984e+00 3.400425672531127930e+00
1.516654133796691895e+00 1.620211005210876465e+00
9.363778829574584961e-01 1.118336796760559082e+00
3.112234354019165039e+00 3.053673744201660156e+00
2.927986145019531250e+00 2.949636697769165039e+00
2.291332960128784180e+00 2.314122200012207031e+00
4.133179664611816406e+00 4.461781501770019531e+00
4.685928821563720703e+00 4.328248500823974609e+00
2.263509511947631836e+00 2.305874347686767578e+00
2.276651859283447266e+00 2.490163087844848633e+00
1.368446350097656250e+00 1.469427824020385742e+00
4.298896312713623047e+00 4.542555809020996094e+00
4.227109432220458984e+00 4.238350391387939453e+00
3.038601875305175781e+00 3.024497270584106445e+00
3.515103101730346680e+00 3.651493549346923828e+00
4.332878589630126953e+00 4.782354354858398438e+00
1.430557727813720703e+00 1.643601655960083008e+00
3.001411199569702148e+00 2.799811124801635742e+00
1.373596429824829102e+00 1.200316071510314941e+00
8.648402094841003418e-01 8.700329661369323730e-01
2.515356063842773438e+00 2.685177803039550781e+00
2.300975799560546875e+00 2.289907217025756836e+00
2.000578403472900391e+00 2.052544832229614258e+00
1.899343967437744141e+00 1.894619584083557129e+00
1.877703070640563965e+00 2.009633302688598633e+00
1.354111909866333008e+00 1.235279798507690430e+00
1.223920345306396484e+00 1.235279798507690430e+00
2.975841760635375977e+00 2.806492328643798828e+00
2.916947603225708008e+00 2.756801843643188477e+00
1.184008717536926270e+00 1.164088010787963867e+00
2.799957990646362305e+00 2.689523935317993164e+00
2.013973236083984375e+00 1.906470894813537598e+00
1.548131465911865234e+00 1.770929932594299316e+00
2.117468357086181641e+00 2.039590835571289062e+00
1.765596032142639160e+00 1.895379543304443359e+00
2.164605140686035156e+00 2.277561902999877930e+00
2.188357353210449219e+00 2.021554231643676758e+00
2.373310565948486328e+00 2.382946729660034180e+00
2.152780771255493164e+00 2.319954872131347656e+00
2.128577947616577148e+00 1.993375778198242188e+00
2.122717142105102539e+00 1.971793770790100098e+00
2.284263372421264648e+00 2.365831136703491211e+00
2.555248260498046875e+00 2.696763515472412109e+00
2.369085311889648438e+00 2.558493852615356445e+00
1.525954842567443848e+00 1.423708319664001465e+00
4.784074783325195312e+00 5.285068511962890625e+00
2.479903459548950195e+00 2.699880361557006836e+00
4.981987476348876953e+00 4.832182884216308594e+00
2.532956361770629883e+00 2.634541034698486328e+00
2.840592145919799805e+00 2.807073354721069336e+00
2.674607992172241211e+00 2.702308416366577148e+00
2.661820888519287109e+00 2.791771650314331055e+00
2.884216547012329102e+00 2.708106756210327148e+00
2.791273593902587891e+00 3.021135091781616211e+00
2.120506525039672852e+00 2.201684713363647461e+00
3.082917690277099609e+00 3.021135091781616211e+00
3.142827510833740234e+00 3.016313791275024414e+00
2.973662376403808594e+00 3.129442214965820312e+00
3.194310426712036133e+00 3.067572355270385742e+00
3.242175579071044922e+00 3.067580223083496094e+00
4.252960205078125000e+00 4.190182209014892578e+00
3.760125875473022461e+00 3.854969739913940430e+00
3.139323234558105469e+00 3.141108274459838867e+00
3.500056982040405273e+00 3.660929441452026367e+00
3.744897365570068359e+00 3.858017206192016602e+00
3.998886108398437500e+00 4.280380249023437500e+00
2.366492509841918945e+00 2.856047391891479492e+00
3.744928836822509766e+00 3.624021291732788086e+00
2.782312631607055664e+00 2.757631063461303711e+00
3.893978595733642578e+00 3.788661241531372070e+00
3.706158161163330078e+00 3.502412319183349609e+00
3.463044166564941406e+00 3.417161226272583008e+00
2.924871444702148438e+00 3.175440073013305664e+00
3.738717794418334961e+00 3.776199340820312500e+00
5.591924190521240234e+00 5.882050514221191406e+00
4.065943241119384766e+00 4.120097637176513672e+00
5.585352420806884766e+00 5.818345069885253906e+00
1.289910793304443359e+00 1.554277181625366211e+00
9.254407882690429688e-01 9.523495435714721680e-01
7.599183320999145508e-01 7.080579996109008789e-01
5.564873814582824707e-01 7.102530002593994141e-01
1.946295738220214844e+00 2.138443708419799805e+00
5.767545223236083984e+00 5.868928432464599609e+00
7.470968365669250488e-01 4.982293248176574707e-01
6.620524525642395020e-01 6.300045847892761230e-01
3.168773412704467773e+00 2.758333921432495117e+00
2.881694555282592773e+00 3.082577943801879883e+00
3.865131378173828125e+00 3.987812519073486328e+00
2.429909467697143555e+00 2.493322134017944336e+00
4.673923850059509277e-01 5.234987735748291016e-01
1.081533074378967285e+00 1.056135535240173340e+00
1.008184909820556641e+00 9.037219882011413574e-01
1.155132889747619629e+00 1.335770606994628906e+00
8.632447123527526855e-01 7.578482627868652344e-01
2.564592599868774414e+00 2.600123405456542969e+00
6.180728673934936523e-01 5.474554300308227539e-01
9.442737698554992676e-01 8.538913726806640625e-01
9.009230732917785645e-01 1.117640018463134766e+00
1.556511044502258301e+00 1.441470146179199219e+00
1.027849316596984863e+00 9.830493927001953125e-01
2.627194404602050781e+00 2.661655664443969727e+00
7.684376239776611328e-01 7.306516170501708984e-01
5.323522090911865234e-01 5.638920068740844727e-01
4.521998763084411621e-01 3.270172476768493652e-01
1.212865471839904785e+00 1.041440963745117188e+00
3.910848379135131836e+00 4.021601676940917969e+00
1.254759788513183594e+00 1.614525437355041504e+00
5.053852558135986328e+00 4.895437240600585938e+00
2.863907814025878906e+00 2.489424467086791992e+00
7.398552298545837402e-01 8.681685328483581543e-01
1.945568323135375977e+00 2.037958145141601562e+00
1.115851879119873047e+00 9.986844062805175781e-01
5.926942825317382812e-01 3.663011789321899414e-01
3.477319478988647461e-01 3.284181952476501465e-01
1.722888469696044922e+00 2.014557600021362305e+00
6.511187553405761719e-01 7.837850451469421387e-01
3.916577994823455811e-01 3.275750875473022461e-01
4.729627072811126709e-01 3.607486486434936523e-01
3.829692006111145020e-01 3.128057718276977539e-01
1.007581233978271484e+00 9.959529638290405273e-01
2.016249179840087891e+00 2.028069972991943359e+00
2.524523258209228516e+00 2.581718206405639648e+00
2.489856630563735962e-01 1.049641221761703491e-01
1.148221254348754883e+00 1.045883655548095703e+00
4.953940868377685547e+00 4.887936115264892578e+00
2.579731225967407227e+00 2.726317644119262695e+00
2.754122614860534668e-01 1.771438866853713989e-01
7.231893539428710938e-01 6.601908206939697266e-01
3.393448829650878906e+00 3.450503110885620117e+00
1.491914391517639160e-01 1.931946277618408203e-01
4.450834751129150391e+00 4.564710617065429688e+00
7.723502516746520996e-01 1.049493551254272461e+00
7.519512176513671875e-01 9.378232955932617188e-01
1.972456693649291992e+00 2.058286666870117188e+00
1.329672336578369141e+00 9.641925096511840820e-01
1.012532591819763184e+00 1.149354219436645508e+00
1.610229134559631348e+00 1.338915944099426270e+00
1.222383379936218262e+00 1.338916063308715820e+00
1.291987419128417969e+00 1.000368237495422363e+00
9.264118075370788574e-01 9.760475158691406250e-01
3.327169895172119141e+00 3.329311609268188477e+00
8.394838571548461914e-01 9.370574951171875000e-01
1.021633863449096680e+00 1.103839635848999023e+00
3.232970237731933594e+00 3.265829324722290039e+00
1.777167558670043945e+00 1.410782814025878906e+00
6.022597312927246094e+00 5.945482730865478516e+00
5.353858947753906250e+00 5.577991962432861328e+00
1.168298363685607910e+00 1.083121299743652344e+00
7.701307535171508789e-01 7.079163789749145508e-01
1.110978126525878906e+00 1.263615846633911133e+00
2.016087532043457031e+00 2.118103265762329102e+00
3.613399744033813477e+00 3.619770765304565430e+00
1.288662552833557129e+00 1.402204036712646484e+00
8.724297285079956055e-01 8.015220761299133301e-01
9.439276456832885742e-01 7.894172668457031250e-01
9.368202090263366699e-01 7.894716858863830566e-01
1.143246054649353027e+00 1.251518249511718750e+00
2.841510772705078125e+00 2.836174249649047852e+00
2.919068098068237305e+00 2.845098257064819336e+00
1.761253952980041504e+00 1.560145616531372070e+00
1.085300564765930176e+00 1.097457885742187500e+00
5.245653629302978516e+00 5.590837955474853516e+00
5.779894351959228516e+00 6.019695758819580078e+00
9.585976004600524902e-01 8.446737527847290039e-01
2.403901100158691406e+00 2.346169471740722656e+00
2.369802951812744141e+00 2.413592815399169922e+00
1.810913205146789551e+00 1.795199632644653320e+00
1.611572265625000000e+00 1.677299261093139648e+00
1.583954572677612305e+00 1.553629636764526367e+00
1.576471090316772461e+00 1.421228408813476562e+00
1.446235299110412598e+00 1.463081955909729004e+00
1.560468912124633789e+00 1.594167947769165039e+00
5.229534149169921875e+00 5.984938144683837891e+00
1.789545893669128418e+00 1.808525323867797852e+00
5.619382381439208984e+00 6.518613338470458984e+00
1.733243346214294434e+00 1.622234344482421875e+00
2.401777744293212891e+00 2.588202714920043945e+00
4.301002979278564453e+00 4.068540096282958984e+00
2.701741456985473633e+00 2.635360479354858398e+00
1.744263887405395508e+00 1.434834003448486328e+00
1.473841190338134766e+00 1.433881402015686035e+00
1.289410471916198730e+00 1.400644898414611816e+00
2.930142164230346680e+00 3.036261320114135742e+00
1.280259728431701660e+00 1.378636121749877930e+00
1.257527351379394531e+00 1.401922106742858887e+00
2.092603206634521484e+00 2.103373527526855469e+00
4.389420032501220703e+00 4.567821979522705078e+00
1.430517554283142090e+00 1.195984601974487305e+00
6.199724674224853516e+00 5.909053325653076172e+00
1.509841561317443848e+00 1.454215288162231445e+00
1.993849992752075195e+00 2.298233985900878906e+00
5.157066822052001953e+00 5.431349754333496094e+00
4.730450212955474854e-01 2.095678299665451050e-01
5.062232971191406250e+00 5.300591945648193359e+00
3.929903984069824219e+00 4.359364032745361328e+00
9.540706872940063477e-01 1.439125299453735352e+00
1.981038689613342285e+00 2.095087528228759766e+00
2.738010406494140625e+00 2.646745204925537109e+00
3.657418251037597656e+00 3.519014120101928711e+00
4.953960418701171875e+00 4.701947689056396484e+00
3.224686861038208008e+00 3.247084379196166992e+00
3.259434223175048828e+00 3.260334253311157227e+00
2.951067686080932617e+00 3.080715894699096680e+00
3.632376670837402344e+00 3.580589294433593750e+00
3.620946645736694336e+00 3.350191593170166016e+00
1.427612900733947754e+00 1.478739023208618164e+00
2.304249286651611328e+00 2.127151012420654297e+00
3.624446868896484375e+00 3.421051263809204102e+00
2.419386863708496094e+00 2.601829767227172852e+00
4.130509376525878906e+00 4.392369270324707031e+00
2.519477367401123047e+00 2.599978923797607422e+00
2.973489999771118164e+00 2.806648492813110352e+00
3.325399160385131836e+00 3.176980733871459961e+00
4.193024635314941406e+00 4.568559169769287109e+00
2.464637517929077148e+00 2.638113260269165039e+00
2.895800828933715820e+00 2.825328588485717773e+00
2.254050970077514648e-01 2.076372802257537842e-01
2.276744842529296875e+00 3.018635511398315430e+00
1.836087942123413086e+00 1.851220607757568359e+00
3.208326816558837891e+00 3.321847200393676758e+00
1.736903309822082520e+00 1.834144353866577148e+00
4.158277034759521484e+00 3.982676506042480469e+00
2.168498516082763672e+00 1.768960595130920410e+00
2.808363199234008789e+00 2.702208280563354492e+00
2.735542774200439453e+00 2.639475107192993164e+00
1.802927136421203613e+00 2.059398412704467773e+00
1.808640122413635254e+00 2.056429624557495117e+00
2.443934440612792969e+00 2.292773485183715820e+00
5.842113018035888672e+00 5.828722476959228516e+00
2.159279823303222656e+00 2.191193103790283203e+00
3.735096693038940430e+00 3.175154924392700195e+00
2.413374423980712891e+00 2.391244173049926758e+00
2.851983308792114258e+00 2.630101919174194336e+00
3.077474117279052734e+00 3.077602624893188477e+00
9.931944012641906738e-01 1.165041923522949219e+00
5.682826995849609375e+00 5.464590072631835938e+00
2.452432870864868164e+00 2.434012889862060547e+00
1.266657114028930664e+00 1.223559141159057617e+00
1.808890700340270996e+00 1.814029216766357422e+00
4.926647663116455078e+00 4.676080226898193359e+00
5.890482425689697266e+00 5.854610919952392578e+00
3.436725378036499023e+00 3.676586866378784180e+00
2.533006429672241211e+00 2.498353242874145508e+00
1.746406197547912598e+00 1.851058363914489746e+00
3.405125617980957031e+00 3.264828920364379883e+00
5.474671721458435059e-01 7.233397960662841797e-01
9.760972261428833008e-01 1.140097618103027344e+00
3.099250793457031250e+00 2.917543888092041016e+00
2.376453131437301636e-01 1.651862710714340210e-01
2.572452068328857422e+00 2.430380105972290039e+00
4.278944969177246094e+00 4.330724239349365234e+00
3.635789394378662109e+00 3.817704439163208008e+00
1.760849475860595703e+00 1.673302054405212402e+00
4.533395767211914062e+00 4.490488529205322266e+00
3.409503698348999023e+00 3.544664621353149414e+00
1.960432171821594238e+00 1.849262595176696777e+00
1.713993191719055176e+00 1.556910037994384766e+00
1.708016872406005859e+00 1.538665056228637695e+00
3.164187431335449219e+00 2.963488101959228516e+00
3.819123744964599609e+00 4.146974086761474609e+00
4.173020362854003906e+00 4.205844402313232422e+00
2.711426734924316406e+00 2.863407850265502930e+00
1.769371151924133301e+00 1.555897355079650879e+00
3.506618022918701172e+00 3.380139350891113281e+00
1.806605458259582520e+00 1.632861971855163574e+00
3.599629163742065430e+00 3.380139589309692383e+00
1.595870018005371094e+00 1.632732748985290527e+00
3.409298419952392578e+00 3.392146825790405273e+00
4.203550338745117188e+00 4.257564067840576172e+00
5.644772529602050781e+00 6.012687206268310547e+00
1.518950343132019043e+00 1.499742507934570312e+00
2.943173170089721680e+00 2.902507305145263672e+00
3.128908157348632812e+00 2.979578256607055664e+00
3.165687322616577148e+00 3.358665227890014648e+00
3.217816591262817383e+00 3.358665227890014648e+00
1.199282646179199219e+00 1.230457663536071777e+00
1.165888309478759766e+00 1.331298112869262695e+00
8.373622894287109375e-01 8.461909890174865723e-01
1.620855450630187988e+00 1.607423782348632812e+00
2.808441162109375000e+00 3.091526746749877930e+00
9.085937142372131348e-01 9.349287748336791992e-01
1.582648158073425293e+00 1.548978567123413086e+00
2.337014198303222656e+00 2.250033378601074219e+00
2.448396682739257812e+00 2.250324487686157227e+00
1.900804638862609863e+00 1.855370163917541504e+00
8.369006514549255371e-01 8.933135867118835449e-01
1.837789893150329590e+00 1.665521144866943359e+00
3.303621530532836914e+00 3.448558807373046875e+00
1.826746106147766113e+00 1.665521144866943359e+00
1.490368723869323730e+00 1.518228054046630859e+00
1.702958822250366211e+00 1.678916215896606445e+00
1.467489242553710938e+00 1.522426128387451172e+00
1.951977491378784180e+00 1.940601229667663574e+00
2.217923402786254883e+00 2.312289953231811523e+00
1.806827068328857422e+00 2.058887720108032227e+00
3.108843803405761719e+00 3.362635135650634766e+00
3.800907373428344727e+00 3.417165040969848633e+00
3.604516029357910156e+00 3.289919137954711914e+00
1.642840743064880371e+00 1.571271896362304688e+00
2.123008966445922852e+00 2.140430212020874023e+00
1.284920215606689453e+00 1.466476678848266602e+00
3.286803483963012695e+00 3.347735166549682617e+00
1.300814509391784668e+00 1.637739658355712891e+00
1.613009452819824219e+00 1.485380411148071289e+00
2.430645942687988281e+00 2.287565469741821289e+00
1.455636262893676758e+00 1.417740702629089355e+00
4.965644776821136475e-01 1.093737721443176270e+00
1.597631812095642090e+00 1.716819286346435547e+00
4.790612697601318359e+00 4.385887622833251953e+00
3.459851741790771484e+00 3.512292623519897461e+00
4.565005779266357422e+00 4.306957244873046875e+00
2.640094280242919922e+00 2.811161041259765625e+00
3.218230485916137695e+00 2.792730808258056641e+00
1.621841192245483398e+00 1.757172107696533203e+00
2.974075078964233398e+00 2.811184883117675781e+00
2.163836002349853516e+00 2.236049890518188477e+00
3.659066915512084961e+00 3.614477872848510742e+00
2.600807428359985352e+00 2.373839139938354492e+00
2.641607046127319336e+00 2.373839139938354492e+00
2.703783035278320312e+00 2.864820480346679688e+00
2.795333862304687500e+00 2.663694381713867188e+00
1.147106766700744629e+00 1.235518574714660645e+00
2.976554870605468750e+00 2.952008485794067383e+00
2.086756229400634766e+00 1.811493635177612305e+00
1.927673101425170898e+00 2.167853832244873047e+00
4.449989795684814453e+00 4.422041893005371094e+00
1.285730957984924316e+00 1.276040434837341309e+00
2.315829753875732422e+00 1.790627241134643555e+00
1.922544956207275391e+00 1.792702198028564453e+00
5.963333606719970703e+00 5.551993846893310547e+00
3.178385972976684570e+00 2.689336776733398438e+00
2.339194059371948242e+00 2.301717996597290039e+00
2.705574989318847656e+00 2.599349737167358398e+00
2.768571376800537109e+00 2.737235307693481445e+00
2.946949720382690430e+00 3.014848232269287109e+00
3.031385183334350586e+00 3.014646291732788086e+00
3.828423738479614258e+00 3.898948431015014648e+00
4.142650127410888672e+00 4.013824939727783203e+00
3.595147371292114258e+00 3.614682912826538086e+00
3.641020774841308594e+00 3.629485845565795898e+00
2.833488702774047852e+00 2.528683423995971680e+00
3.824604749679565430e+00 3.604590892791748047e+00
3.198606252670288086e+00 3.249134778976440430e+00
3.716747999191284180e+00 3.602887868881225586e+00
3.452584028244018555e+00 3.387292623519897461e+00
4.890732765197753906e+00 5.054062366485595703e+00
3.365317344665527344e+00 3.327850580215454102e+00
3.435401678085327148e+00 3.255239248275756836e+00
2.616384267807006836e+00 2.461720466613769531e+00
3.431927204132080078e+00 3.472414731979370117e+00
3.404927968978881836e+00 3.257376194000244141e+00
3.168571472167968750e+00 3.081079244613647461e+00
5.165740489959716797e+00 5.268386363983154297e+00
2.970776796340942383e+00 3.050498723983764648e+00
4.523974895477294922e+00 4.147638797760009766e+00
4.310894966125488281e+00 4.096611499786376953e+00
2.821855783462524414e+00 3.274567365646362305e+00
3.962308406829833984e+00 4.220894336700439453e+00
3.863733053207397461e+00 3.831807613372802734e+00
3.566504001617431641e+00 3.799230098724365234e+00
5.525860786437988281e+00 5.172579288482666016e+00
4.544998168945312500e+00 4.804096698760986328e+00
3.760474205017089844e+00 3.896193265914916992e+00
4.927167415618896484e+00 5.065660476684570312e+00
