2.318165004253387451e-01 2.852489054203033447e-01
1.078110098838806152e+00 1.095007300376892090e+00
-1.319357603788375854e-01 -1.371008306741714478e-01
-1.103110194206237793e+00 -1.059626340866088867e+00
-2.513248920440673828e-01 -2.661346197128295898e-01
7.128866910934448242e-01 7.123854160308837891e-01
4.029189702123403549e-03 -2.504741586744785309e-02
-4.237616658210754395e-01 -4.832603037357330322e-01
-7.242595404386520386e-02 -1.626628488302230835e-01
4.782553017139434814e-01 4.231976568698883057e-01
3.996533155441284180e-01 3.615518510341644287e-01
6.856746077537536621e-01 6.875526905059814453e-01
5.333062410354614258e-01 5.339291095733642578e-01
1.046132206916809082e+00 9.550749063491821289e-01
-1.326526403427124023e-01 -1.247671768069267273e-01
-8.773744702339172363e-01 -9.223213195800781250e-01
-7.127434015274047852e-01 -7.402974367141723633e-01
-2.443333268165588379e-01 -2.430666983127593994e-01
-8.162584900856018066e-02 -7.878519594669342041e-02
-6.762499809265136719e-01 -6.451842784881591797e-01
-2.281367033720016479e-01 -2.756688296794891357e-01
-1.661981493234634399e-01 -2.055883705615997314e-01
-2.059556245803833008e-01 -1.741263419389724731e-01
-5.610297322273254395e-01 -6.527079939842224121e-01
2.749036848545074463e-01 3.367429375648498535e-01
3.352901041507720947e-01 3.723335862159729004e-01
-3.686964213848114014e-01 -4.138171970844268799e-01
7.698441743850708008e-01 7.715210318565368652e-01
-3.839594423770904541e-01 -3.536597192287445068e-01
-2.269134223461151123e-01 -1.911950260400772095e-01
8.646104484796524048e-02 7.263362407684326172e-02
-2.282820194959640503e-01 -2.015406638383865356e-01
-3.754115104675292969e-01 -4.496572315692901611e-01
-7.428005933761596680e-01 -7.343665361404418945e-01
-2.597775459289550781e-01 -2.959906756877899170e-01
-4.820218980312347412e-01 -5.504473447799682617e-01
8.029782772064208984e-01 8.262295722961425781e-01
1.317631244659423828e+00 1.307808995246887207e+00
-8.546212911605834961e-01 -9.170904159545898438e-01
-3.728559613227844238e-01 -3.233135640621185303e-01
-8.936007618904113770e-01 -9.487823247909545898e-01
-2.390292882919311523e-01 -2.894160151481628418e-01
-1.134820580482482910e+00 -1.154139041900634766e+00
-5.634328126907348633e-01 -5.425000786781311035e-01
-2.321807295083999634e-01 -1.949663311243057251e-01
-1.012713834643363953e-01 -1.431878209114074707e-01
-4.877405166625976562e-01 -5.315477848052978516e-01
-8.436342477798461914e-01 -8.588737249374389648e-01
-7.509862780570983887e-01 -7.431532144546508789e-01
-1.770971342921257019e-02 3.990101814270019531e-02
-3.416021913290023804e-02 -2.665000222623348236e-02
-4.190781712532043457e-01 -4.974114596843719482e-01
7.279031723737716675e-02 8.164690434932708740e-02
-9.716427326202392578e-01 -9.672539234161376953e-01
-5.605906844139099121e-01 -6.281296610832214355e-01
-3.055484592914581299e-01 -2.619516253471374512e-01
1.961097307503223419e-02 -1.504334248602390289e-02
7.090460658073425293e-01 7.105298638343811035e-01
-6.520467996597290039e-01 -5.629779696464538574e-01
-1.621443331241607666e-01 -1.242575198411941528e-01
-8.476707935333251953e-01 -9.190673828125000000e-01
-9.662132263183593750e-01 -9.411968588829040527e-01
-5.619918107986450195e-01 -5.559763312339782715e-01
-1.199661493301391602e-01 -1.157104000449180603e-01
4.564876854419708252e-01 4.537030756473541260e-01
7.612257003784179688e-01 7.042695283889770508e-01
-2.290084213018417358e-01 -2.573380172252655029e-01
-4.597624540328979492e-01 -4.475096762180328369e-01
-2.423990070819854736e-01 -2.252385169267654419e-01
-8.305983543395996094e-01 -8.476827144622802734e-01
-9.034756422042846680e-01 -8.841948509216308594e-01
6.468479037284851074e-01 5.891885757446289062e-01
-1.031738519668579102e+00 -1.000545144081115723e+00
-5.597547888755798340e-01 -4.908140897750854492e-01
-2.201225459575653076e-01 -2.233535051345825195e-01
1.091255426406860352e+00 1.046307325363159180e+00
-9.561711549758911133e-01 -9.702903032302856445e-01
1.638166047632694244e-02 -2.232571132481098175e-02
1.140813946723937988e+00 1.177154660224914551e+00
1.516074091196060181e-01 1.450517475605010986e-01
-6.502311229705810547e-01 -6.596777439117431641e-01
5.690553411841392517e-02 6.891099363565444946e-02
-1.157597541809082031e+00 -1.149379253387451172e+00
-8.520781993865966797e-02 -1.971146166324615479e-01
-1.292317658662796021e-01 -2.217104732990264893e-01
4.784441739320755005e-02 7.225535809993743896e-02
-1.001375555992126465e+00 -1.018768787384033203e+00
-8.315988183021545410e-01 -8.375096321105957031e-01
8.970825672149658203e-01 9.453967213630676270e-01
-3.830294907093048096e-01 -4.222793877124786377e-01
-5.836743712425231934e-01 -7.533231973648071289e-01
8.041487932205200195e-01 7.981800436973571777e-01
3.557234108448028564e-01 3.436482846736907959e-01
-5.902518033981323242e-01 -5.972984433174133301e-01
-6.634664535522460938e-01 -6.218878626823425293e-01
-3.861208260059356689e-01 -4.246646463871002197e-01
-1.380945146083831787e-01 -1.225316971540451050e-01
7.193556427955627441e-01 7.374793887138366699e-01
-7.604056596755981445e-01 -7.332586646080017090e-01
7.536585927009582520e-01 6.667301654815673828e-01
9.320467710494995117e-01 9.030870795249938965e-01
-2.623423635959625244e-01 -2.609455287456512451e-01
-3.225232064723968506e-01 -2.845426201820373535e-01
-2.972412407398223877e-01 -3.220872282981872559e-01
-5.548239350318908691e-01 -4.489758908748626709e-01
-6.791980266571044922e-01 -6.947422623634338379e-01
-6.697238236665725708e-02 -1.366557329893112183e-01
-8.423705399036407471e-02 -5.867966637015342712e-02
-4.459039568901062012e-01 -4.352827370166778564e-01
-7.264077663421630859e-01 -7.989432811737060547e-01
-1.070290088653564453e+00 -1.106235861778259277e+00
-6.265284959226846695e-03 2.077852375805377960e-02
5.668980479240417480e-01 5.277010202407836914e-01
7.897806167602539062e-01 7.475430369377136230e-01
-2.816640734672546387e-01 -3.247521817684173584e-01
-4.706965386867523193e-01 -4.749277532100677490e-01
-1.011260986328125000e+00 -9.569984674453735352e-01
8.017341494560241699e-01 7.768223881721496582e-01
-5.057088732719421387e-01 -4.888152182102203369e-01
9.644468426704406738e-01 9.722985029220581055e-01
-8.495894670486450195e-01 -9.121023416519165039e-01
-5.415362119674682617e-01 -5.105767250061035156e-01
-6.064969897270202637e-01 -6.367966532707214355e-01
5.761648416519165039e-01 6.101188063621520996e-01
-4.527126550674438477e-01 -4.413832426071166992e-01
-4.774223566055297852e-01 -5.124656558036804199e-01
-2.244774550199508667e-01 -1.783986240625381470e-01
-7.186258435249328613e-01 -7.654139995574951172e-01
-4.769037067890167236e-01 -4.827843308448791504e-01
8.564547896385192871e-01 8.415299057960510254e-01
1.056979179382324219e+00 1.044883489608764648e+00
-1.233572289347648621e-01 -1.475390046834945679e-01
-7.423025965690612793e-01 -6.822485923767089844e-01
1.547640711069107056e-01 1.632159352302551270e-01
2.141885608434677124e-01 2.002286463975906372e-01
-8.390926718711853027e-01 -8.476961851119995117e-01
-5.908406376838684082e-01 -5.590134859085083008e-01
-9.533759951591491699e-01 -9.800034165382385254e-01
-5.643553733825683594e-01 -5.826642513275146484e-01
-4.457821846008300781e-01 -4.808978438377380371e-01
-4.881218820810317993e-02 -9.642899036407470703e-02
-1.105204343795776367e+00 -1.121283292770385742e+00
-2.586869299411773682e-01 -2.244789600372314453e-01
8.245906233787536621e-02 7.834957540035247803e-02
-2.706155776977539062e-01 -2.845950424671173096e-01
1.143383741378784180e+00 9.746023416519165039e-01
-3.179024457931518555e-01 -3.054545819759368896e-01
-3.617863655090332031e-01 -3.842686712741851807e-01
-1.049438953399658203e+00 -1.056412220001220703e+00
4.207829535007476807e-01 3.667993843555450439e-01
-4.586220160126686096e-02 -8.388005197048187256e-02
-5.072188377380371094e-01 -4.817868173122406006e-01
-2.352118045091629028e-01 -2.553948462009429932e-01
-7.731274962425231934e-01 -7.519175410270690918e-01
7.629879117012023926e-01 7.266262769699096680e-01
1.142804980278015137e+00 1.051441550254821777e+00
-9.847300648689270020e-01 -1.019477963447570801e+00
-4.135171175003051758e-01 -4.239255487918853760e-01
-6.116127371788024902e-01 -6.740242242813110352e-01
-5.922620296478271484e-01 -6.917054653167724609e-01
-5.749425292015075684e-01 -6.009299159049987793e-01
1.753109693527221680e-01 1.718984693288803101e-01
2.218897826969623566e-02 -5.141041800379753113e-02
1.207070469856262207e+00 1.093716621398925781e+00
-1.044646739959716797e+00 -1.047626733779907227e+00
-1.758566945791244507e-01 -1.967916935682296753e-01
4.121928811073303223e-01 3.836504817008972168e-01
-1.967056542634963989e-01 -1.844343394041061401e-01
-6.697868704795837402e-01 -5.313686132431030273e-01
1.020265221595764160e+00 1.042708277702331543e+00
6.763905286788940430e-01 6.942914128303527832e-01
1.251435279846191406e-01 4.830181971192359924e-02
-7.526811361312866211e-01 -6.515036225318908691e-01
-9.559012055397033691e-01 -1.002693653106689453e+00
1.716997474431991577e-02 2.570275776088237762e-02
-5.294019579887390137e-01 -5.585260987281799316e-01
8.853683471679687500e-01 8.495280742645263672e-01
5.648639798164367676e-01 5.468350052833557129e-01
-6.030507683753967285e-01 -5.767912268638610840e-01
-2.289946824312210083e-01 -2.692318856716156006e-01
3.684860765933990479e-01 3.606720864772796631e-01
-1.050707697868347168e-01 -1.609665304422378540e-01
5.663363933563232422e-01 5.385258197784423828e-01
-1.335941553115844727e-01 -1.229523569345474243e-01
-9.275918602943420410e-01 -9.062242507934570312e-01
-5.906891822814941406e-01 -6.218594908714294434e-01
-1.045144438743591309e+00 -1.035807728767395020e+00
-1.020667076110839844e+00 -9.682613015174865723e-01
-4.112952947616577148e-01 -3.423470556735992432e-01
-1.678305566310882568e-01 -1.925843805074691772e-01
1.030386209487915039e+00 1.054527759552001953e+00
-2.475212812423706055e-01 -2.446037828922271729e-01
-9.429184198379516602e-01 -9.709072709083557129e-01
9.271149635314941406e-01 9.264746904373168945e-01
-5.465260744094848633e-01 -5.935131311416625977e-01
-3.052468299865722656e-01 -3.219178617000579834e-01
-7.414091229438781738e-01 -7.314896583557128906e-01
8.101552724838256836e-01 8.667614459991455078e-01
1.894832104444503784e-01 1.795689463615417480e-01
-3.434046804904937744e-01 -3.328781425952911377e-01
-5.459301471710205078e-01 -5.796801447868347168e-01
-1.099761649966239929e-01 -9.205880761146545410e-02
-5.688506960868835449e-01 -4.768537282943725586e-01
-6.634567975997924805e-01 -8.021407127380371094e-01
5.099487900733947754e-01 5.303283929824829102e-01
-1.100705146789550781e+00 -1.084168195724487305e+00
-1.038357138633728027e+00 -9.898298978805541992e-01
7.659870982170104980e-01 8.279793262481689453e-01
-8.716961145401000977e-01 -9.161255359649658203e-01
9.450275301933288574e-01 9.954918622970581055e-01
-8.004512786865234375e-01 -7.390801906585693359e-01
-5.935375690460205078e-01 -6.203274726867675781e-01
1.534294784069061279e-01 1.481171101331710815e-01
9.039371609687805176e-01 9.076934456825256348e-01
1.574377268552780151e-01 2.395281046628952026e-01
-1.071824789047241211e+00 -1.056445598602294922e+00
-5.198870785534381866e-03 -6.753165274858474731e-02
2.708214223384857178e-01 2.307087481021881104e-01
-5.806654691696166992e-01 -6.646945476531982422e-01
-8.278409242630004883e-01 -8.828892707824707031e-01
2.949656844139099121e-01 2.445895969867706299e-01
-3.075248301029205322e-01 -3.206029832363128662e-01
-9.053389430046081543e-01 -9.549810886383056641e-01
3.462742567062377930e-01 3.173860609531402588e-01
-1.017753839492797852e+00 -1.091812729835510254e+00
-5.968573689460754395e-01 -6.245075464248657227e-01
-5.520499944686889648e-01 -6.501526832580566406e-01
1.080542281270027161e-01 6.004556640982627869e-02
-8.898463845252990723e-01 -8.967531919479370117e-01
-7.307859063148498535e-01 -7.125145196914672852e-01
-7.878430485725402832e-01 -7.925128340721130371e-01
-4.011343121528625488e-01 -4.457809627056121826e-01
5.691846087574958801e-02 1.210699677467346191e-01
-8.346255421638488770e-01 -9.323989152908325195e-01
-1.822554618120193481e-01 -1.936003118753433228e-01
9.044699072837829590e-01 9.063145518302917480e-01
7.268145680427551270e-01 7.669594883918762207e-01
3.553474843502044678e-01 3.626567423343658447e-01
1.094896197319030762e+00 1.021805286407470703e+00
2.156677693128585815e-01 1.773547530174255371e-01
5.309714078903198242e-01 2.228296101093292236e-01
-8.505395650863647461e-01 -8.825896978378295898e-01
-9.743034839630126953e-01 -1.017922043800354004e+00
3.711465299129486084e-01 3.622532486915588379e-01
-2.047526091337203979e-01 -2.104895859956741333e-01
-6.548622250556945801e-01 -6.633554697036743164e-01
2.417893409729003906e-01 3.393799364566802979e-01
-2.260426580905914307e-01 -2.432686239480972290e-01
2.477550208568572998e-01 2.585567831993103027e-01
-5.212702751159667969e-01 -5.038015246391296387e-01
4.565424025058746338e-01 4.298234283924102783e-01
-4.774120151996612549e-01 -4.368882775306701660e-01
-3.388596773147583008e-01 -4.693299829959869385e-01
1.173860073089599609e+00 1.157775282859802246e+00
5.863666534423828125e-01 5.658903121948242188e-01
-8.143113851547241211e-01 -7.914144992828369141e-01
-6.596744060516357422e-01 -6.353336572647094727e-01
3.734438717365264893e-01 3.969054222106933594e-01
-2.214588969945907593e-01 -1.795624941587448120e-01
2.656798362731933594e-01 2.598169147968292236e-01
2.552061676979064941e-01 2.032841742038726807e-01
8.716885447502136230e-01 8.748537898063659668e-01
4.143990278244018555e-01 3.888106346130371094e-01
1.053375244140625000e+00 1.146708369255065918e+00
-7.577369213104248047e-01 -7.391424775123596191e-01
2.144638776779174805e+00 2.165425777435302734e+00
-3.353421986103057861e-01 -3.750557005405426025e-01
2.143964469432830811e-01 2.565485537052154541e-01
-1.423434317111968994e-01 -1.318802684545516968e-01
1.500294208526611328e-01 1.054421141743659973e-01
-4.644082486629486084e-01 -5.103664398193359375e-01
-4.097084701061248779e-01 -4.580617249011993408e-01
-1.135912016034126282e-01 -1.088435351848602295e-01
-3.510226309299468994e-01 -3.714149892330169678e-01
-1.089860796928405762e-01 -1.868705898523330688e-01
-9.187873601913452148e-01 -9.022544026374816895e-01
-1.644378453493118286e-01 -1.232226490974426270e-01
8.844802975654602051e-01 7.774074077606201172e-01
-1.413699425756931305e-02 -5.905723571777343750e-02
-5.382958650588989258e-01 -4.970062077045440674e-01
2.243007160723209381e-02 6.429937481880187988e-02
-7.055775523185729980e-01 -7.165055871009826660e-01
3.885902762413024902e-01 3.997234404087066650e-01
3.270836770534515381e-01 2.908000648021697998e-01
1.323732137680053711e+00 1.199558138847351074e+00
-3.774627298116683960e-02 -1.014008447527885437e-01
9.697424173355102539e-01 9.742419123649597168e-01
6.988624930381774902e-01 5.993810892105102539e-01
-2.439408004283905029e-01 -2.626692652702331543e-01
-1.699409484863281250e-01 -1.580842882394790649e-01
2.696450948715209961e-01 2.413183301687240601e-01
-1.013993263244628906e+00 -9.345363974571228027e-01
-2.816219031810760498e-01 -3.719553053379058838e-01
-9.993813633918762207e-01 -9.903922080993652344e-01
-9.370104074478149414e-01 -9.422321319580078125e-01
4.537749886512756348e-01 4.194230735301971436e-01
-9.883832931518554688e-01 -1.001272916793823242e+00
3.884533941745758057e-01 4.116238951683044434e-01
-3.614319264888763428e-01 -4.760355651378631592e-01
6.751184910535812378e-02 2.142989262938499451e-02
-8.267302513122558594e-01 -8.678482174873352051e-01
-4.561593830585479736e-01 -4.268412590026855469e-01
7.312579154968261719e-01 7.266653180122375488e-01
1.363789588212966919e-01 1.239404827356338501e-01
-8.469801396131515503e-02 -1.252577751874923706e-01
-1.305164098739624023e-01 -2.068626880645751953e-01
-2.864759974181652069e-02 1.916938088834285736e-02
1.112586408853530884e-01 8.985038101673126221e-02
4.292178153991699219e-01 4.582587778568267822e-01
7.528766989707946777e-01 7.297059297561645508e-01
-7.795729637145996094e-01 -8.698807954788208008e-01
-4.473405778408050537e-01 -4.109305441379547119e-01
-4.048332870006561279e-01 -4.350050389766693115e-01
-7.051039934158325195e-01 -6.851282119750976562e-01
1.248050108551979065e-02 2.798986062407493591e-02
-4.083034098148345947e-01 -4.092908799648284912e-01
1.390859484672546387e-01 1.185629218816757202e-01
-1.572822034358978271e-01 -1.141599267721176147e-01
5.239021182060241699e-01 5.711104869842529297e-01
-2.164556682109832764e-01 -1.936322152614593506e-01
-3.246466517448425293e-01 -2.636642158031463623e-01
-2.364591658115386963e-01 -2.119468003511428833e-01
-2.103246748447418213e-01 -2.181171029806137085e-01
-4.127885401248931885e-01 -3.289317786693572998e-01
-9.589037299156188965e-01 -9.565230011940002441e-01
-4.234631359577178955e-01 -3.183589279651641846e-01
2.516883015632629395e-01 2.439562082290649414e-01
-2.034812867641448975e-01 -1.792828887701034546e-01
-6.218896508216857910e-01 -6.055883765220642090e-01
-4.266015589237213135e-01 -4.480819404125213623e-01
-2.396478056907653809e-01 -2.201115041971206665e-01
-9.710515737533569336e-01 -9.683741927146911621e-01
-6.385340094566345215e-01 -6.329439878463745117e-01
-9.135914444923400879e-01 -8.764899373054504395e-01
-3.956643939018249512e-01 -3.100995123386383057e-01
3.090429604053497314e-01 2.391167730093002319e-01
-4.859206080436706543e-01 -4.763168990612030029e-01
6.958733201026916504e-01 6.480222940444946289e-01
9.639871120452880859e-01 8.645589351654052734e-01
5.688183307647705078e-01 4.678393900394439697e-01
2.484112232923507690e-01 3.394019007682800293e-01
-3.816852271556854248e-01 -3.268622756004333496e-01
1.190868094563484192e-01 8.817221224308013916e-02
1.991397142410278320e-01 2.159583121538162231e-01
-3.888298571109771729e-01 -4.359601438045501709e-01
6.774494647979736328e-01 7.625288963317871094e-01
-2.887069284915924072e-01 -2.423104196786880493e-01
-2.783772051334381104e-01 -3.158476948738098145e-01
-1.678195446729660034e-01 -2.339950352907180786e-01
9.461117982864379883e-01 9.994224309921264648e-01
-2.683289945125579834e-01 -2.306562513113021851e-01
-8.800546526908874512e-01 -9.125736951828002930e-01
-3.696788847446441650e-01 -5.019103884696960449e-01
2.444908767938613892e-01 2.426007390022277832e-01
1.244969487190246582e+00 1.205252885818481445e+00
1.061638537794351578e-02 3.861836344003677368e-02
-1.006901860237121582e+00 -1.021237254142761230e+00
-5.086146593093872070e-01 -4.820133149623870850e-01
3.461486697196960449e-01 3.130527138710021973e-01
-2.787424027919769287e-01 -2.667780518531799316e-01
7.405496388673782349e-02 1.226083189249038696e-01
-5.929590463638305664e-01 -6.126446723937988281e-01
-2.374859899282455444e-01 -2.139771878719329834e-01
3.517642989754676819e-02 5.429863557219505310e-02
-1.160324454307556152e+00 -1.149764299392700195e+00
-8.623505234718322754e-01 -8.197815418243408203e-01
-4.757457375526428223e-01 -4.638200998306274414e-01
-8.256713747978210449e-01 -7.915659546852111816e-01
-4.196811839938163757e-02 -5.974414572119712830e-02
2.799036502838134766e-01 4.024543464183807373e-01
-6.322931051254272461e-01 -6.218328475952148438e-01
3.385290801525115967e-01 3.242592811584472656e-01
-9.926591515541076660e-01 -1.036173939704895020e+00
4.803889691829681396e-01 4.669641256332397461e-01
-9.064487218856811523e-01 -8.549828529357910156e-01
-8.721421360969543457e-01 -8.955601453781127930e-01
1.060760974884033203e+00 1.033042788505554199e+00
6.774235963821411133e-01 7.130263447761535645e-01
-7.955724000930786133e-02 -1.193157285451889038e-01
2.413636147975921631e-01 2.145021408796310425e-01
-9.489220380783081055e-01 -9.345445036888122559e-01
9.714605808258056641e-01 9.701178073883056641e-01
-7.998805046081542969e-01 -8.382328152656555176e-01
-7.831666469573974609e-01 -7.110991477966308594e-01
-9.596632122993469238e-01 -9.240568876266479492e-01
8.705482482910156250e-01 8.101350069046020508e-01
5.216641426086425781e-01 5.530357360839843750e-01
-6.630803346633911133e-01 -6.946322917938232422e-01
9.649465680122375488e-01 8.320615887641906738e-01
3.978966772556304932e-01 4.250540435314178467e-01
-1.180070638656616211e-01 -1.578935235738754272e-01
3.969392478466033936e-01 3.663132488727569580e-01
8.635669946670532227e-01 9.213056564331054688e-01
-9.397669136524200439e-02 -1.000995635986328125e-01
-4.916660189628601074e-01 -5.352434515953063965e-01
-3.417181074619293213e-01 -4.167011082172393799e-01
-7.297869920730590820e-01 -7.288317680358886719e-01
-7.183847427368164062e-01 -8.093327879905700684e-01
7.053970098495483398e-01 7.523220181465148926e-01
-9.585282206535339355e-01 -9.564060568809509277e-01
-6.672359108924865723e-01 -7.253572344779968262e-01
-4.173159599304199219e-01 -4.297202825546264648e-01
6.310482025146484375e-01 6.431046128273010254e-01
2.053766995668411255e-01 2.252183407545089722e-01
6.925868988037109375e-02 7.168046385049819946e-02
8.519285917282104492e-02 2.439166232943534851e-02
-1.119903683662414551e+00 -1.113078355789184570e+00
-4.081348478794097900e-01 -4.335831701755523682e-01
3.380098640918731689e-01 4.206056296825408936e-01
9.160351753234863281e-01 8.944737911224365234e-01
1.229002140462398529e-03 2.082126773893833160e-02
4.751271009445190430e-01 5.051683187484741211e-01
-4.316264390945434570e-01 -3.799171745777130127e-01
-8.022674918174743652e-01 -8.366039991378784180e-01
-8.605872392654418945e-01 -8.767517805099487305e-01
-2.155592918395996094e+00 -2.055386543273925781e+00
-6.301261186599731445e-01 -5.802074074745178223e-01
-3.565236926078796387e-01 -3.721731901168823242e-01
-1.079999431967735291e-01 -1.197884902358055115e-01
1.156923249363899231e-01 1.189867258071899414e-01
-2.857037484645843506e-01 -3.057206273078918457e-01
5.978140830993652344e-01 5.881318449974060059e-01
1.272938996553421021e-01 1.080353111028671265e-01
-1.462195515632629395e-01 -1.943890750408172607e-01
-5.006181597709655762e-01 -4.724045395851135254e-01
-5.547666549682617188e-02 -3.032102622091770172e-02
1.428562253713607788e-01 1.795593202114105225e-01
-6.703603267669677734e-01 -7.201522588729858398e-01
4.612862765789031982e-01 4.633655250072479248e-01
-3.176296353340148926e-01 -3.192530274391174316e-01
-6.861540675163269043e-01 -6.992175579071044922e-01
-4.705539345741271973e-01 -4.700141549110412598e-01
-4.144051671028137207e-01 -4.900703728199005127e-01
-1.145425438880920410e+00 -9.368740320205688477e-01
-9.747139215469360352e-01 -1.024747133255004883e+00
1.318603754043579102e-01 1.699546724557876587e-01
-8.933783322572708130e-02 -5.257157608866691589e-02
-6.502976268529891968e-02 -2.058051712810993195e-02
-2.452021837234497070e-01 -2.882978618144989014e-01
4.671624600887298584e-01 5.255009531974792480e-01
-2.005281746387481689e-01 -1.995236873626708984e-01
-4.489709734916687012e-01 -4.371165335178375244e-01
5.354906320571899414e-01 5.716990828514099121e-01
-6.838989257812500000e-01 -6.550168991088867188e-01
-2.582207918167114258e-01 -2.155223935842514038e-01
-9.649200439453125000e-01 -8.860107064247131348e-01
1.200271025300025940e-01 8.074850589036941528e-02
-8.720130324363708496e-01 -8.717711567878723145e-01
-1.290025115013122559e-01 -1.314898282289505005e-01
-7.041307687759399414e-01 -6.802412867546081543e-01
2.767419517040252686e-01 3.878606259822845459e-01
-8.209118247032165527e-01 -8.189255595207214355e-01
-2.085793316364288330e-01 -4.483861625194549561e-01
-6.157319545745849609e-01 -6.233413815498352051e-01
-3.218690454959869385e-01 -2.718545794486999512e-01
-1.892466098070144653e-01 -1.822680830955505371e-01
-3.795636892318725586e-01 -3.975960016250610352e-01
-1.028137564659118652e+00 -1.025241851806640625e+00
9.956482052803039551e-02 8.310954272747039795e-02
3.956279456615447998e-01 4.708775281906127930e-01
6.889806985855102539e-01 7.040814161300659180e-01
1.068522095680236816e+00 1.045629858970642090e+00
-1.344404220581054688e-01 -1.352256834506988525e-01
9.514058828353881836e-01 8.979809880256652832e-01
-1.231180429458618164e-01 -1.428492516279220581e-01
-5.410575270652770996e-01 -4.839863181114196777e-01
-3.278443813323974609e-01 -3.703141808509826660e-01
-6.688507795333862305e-01 -7.556157112121582031e-01
-1.020248681306838989e-01 -1.121558248996734619e-01
-2.700185477733612061e-01 -2.147444337606430054e-01
3.860110342502593994e-01 3.849121034145355225e-01
-1.093578815460205078e+00 -1.103188276290893555e+00
-5.887659266591072083e-02 -1.193157285451889038e-01
8.969923853874206543e-01 8.929731249809265137e-01
-8.254814147949218750e-01 -8.435146808624267578e-01
-6.103382706642150879e-01 -6.592497229576110840e-01
-2.801820039749145508e-01 -3.011900782585144043e-01
-2.484791129827499390e-01 -1.267738491296768188e-01
3.438581526279449463e-01 4.172545373439788818e-01
8.889708518981933594e-01 8.118168115615844727e-01
3.506237268447875977e-01 4.139637351036071777e-01
1.459305733442306519e-01 1.572275757789611816e-01
-9.417665600776672363e-01 -9.070119261741638184e-01
-6.521508693695068359e-01 -7.297093868255615234e-01
-1.898803561925888062e-01 -1.937284171581268311e-01
-2.367538660764694214e-01 -1.951062530279159546e-01
-6.302911639213562012e-01 -6.197704076766967773e-01
-7.001018524169921875e-01 -7.399876117706298828e-01
-1.109585165977478027e+00 -1.106459140777587891e+00
-6.598280072212219238e-01 -6.791186928749084473e-01
5.916973948478698730e-01 5.859294533729553223e-01
1.898598074913024902e-01 1.797766983509063721e-01
-2.943101525306701660e-01 -2.759316265583038330e-01
-6.397551298141479492e-01 -6.736046671867370605e-01
-7.269527912139892578e-01 -7.443604469299316406e-01
8.571017384529113770e-01 8.035618066787719727e-01
-1.859858632087707520e-01 -2.225681245326995850e-01
7.828727364540100098e-01 8.123386502265930176e-01
-7.657188177108764648e-01 -8.098942041397094727e-01
-4.270528852939605713e-01 -4.352937042713165283e-01
-1.175534009933471680e+00 -1.144978046417236328e+00
-8.866420947015285492e-03 -7.228344678878784180e-02
-7.321942448616027832e-01 -6.899972558021545410e-01
-9.021245837211608887e-01 -8.881425261497497559e-01
-3.151369392871856689e-01 -3.939086794853210449e-01
1.208566408604383469e-02 1.895034126937389374e-02
6.803178191184997559e-01 6.921573281288146973e-01
-7.975690364837646484e-01 -8.695477247238159180e-01
9.018761515617370605e-01 9.471255540847778320e-01
-5.300881266593933105e-01 -4.754647314548492432e-01
4.782659187912940979e-02 8.528708666563034058e-02
7.079216837882995605e-01 6.631444096565246582e-01
9.386580437421798706e-02 -5.653428286314010620e-02
-2.969378232955932617e-01 -2.752615511417388916e-01
8.415138125419616699e-01 8.384386301040649414e-01
-5.152569413185119629e-01 -4.960742890834808350e-01
-8.606255650520324707e-01 -8.198082447052001953e-01
-1.888913512229919434e-01 -1.751321852207183838e-01
-3.251447379589080811e-01 -3.071009218692779541e-01
-6.859465837478637695e-01 -6.595844030380249023e-01
-6.932074427604675293e-01 -6.783374547958374023e-01
2.260592579841613770e-01 1.629028767347335815e-01
1.931862682104110718e-01 2.189387232065200806e-01
-1.025839224457740784e-01 -1.053742021322250366e-01
-1.360548734664916992e-01 -1.007039025425910950e-01
-5.797401666641235352e-01 -5.088844299316406250e-01
4.746536016464233398e-01 5.214147567749023438e-01
1.257581233978271484e+00 1.198980093002319336e+00
-2.692272663116455078e-01 -2.663097679615020752e-01
-1.034577131271362305e+00 -1.021449089050292969e+00
1.797880679368972778e-01 1.571865826845169067e-01
2.947847247123718262e-01 3.316362500190734863e-01
7.501623630523681641e-01 7.828196287155151367e-01
-1.237817257642745972e-01 -1.953585594892501831e-01
3.362416923046112061e-01 3.785335719585418701e-01
-5.593578815460205078e-01 -4.983088076114654541e-01
5.803591012954711914e-01 6.050933003425598145e-01
-1.074722051620483398e+00 -1.038518905639648438e+00
-3.008543550968170166e-01 -3.644722402095794678e-01
-7.064633071422576904e-02 -1.472508758306503296e-01
-1.776281595230102539e-01 -1.813040226697921753e-01
-5.186176896095275879e-01 -5.216611027717590332e-01
-1.082936897873878479e-01 -2.183179110288619995e-01
-4.727357625961303711e-01 -5.748846530914306641e-01
5.194929242134094238e-01 4.040590226650238037e-01
2.817698009312152863e-02 7.765247672796249390e-02
-1.076018571853637695e+00 -9.624636173248291016e-01
-1.005034804344177246e+00 -9.708776473999023438e-01
-3.595893085002899170e-01 -3.758265078067779541e-01
6.993569135665893555e-01 4.944728314876556396e-01
8.199442923069000244e-02 9.836780279874801636e-02
-8.564089238643646240e-02 -8.550321310758590698e-02
-1.005515083670616150e-01 -1.262415349483489990e-01
-6.771317720413208008e-01 -6.501166820526123047e-01
-1.037534594535827637e+00 -1.081315755844116211e+00
-2.809350788593292236e-01 -2.972644269466400146e-01
-5.691260695457458496e-01 -6.685538291931152344e-01
-4.903514385223388672e-01 -5.485112667083740234e-01
-6.192731261253356934e-01 -6.122402548789978027e-01
-2.664334475994110107e-01 -2.751310765743255615e-01
9.189519882202148438e-01 9.055396914482116699e-01
9.390783309936523438e-01 9.429095983505249023e-01
8.693962097167968750e-01 8.560620546340942383e-01
8.413985967636108398e-01 8.408631086349487305e-01
3.934620618820190430e-01 4.030688703060150146e-01
8.906586766242980957e-01 9.871620535850524902e-01
3.014674484729766846e-01 3.263348042964935303e-01
1.076193898916244507e-01 7.870140671730041504e-02
-2.644799649715423584e-01 -2.683200836181640625e-01
-1.490030139684677124e-01 -1.837298125028610229e-01
-1.792096793651580811e-01 -1.678385883569717407e-01
3.997160494327545166e-01 3.712415397167205811e-01
-2.133571207523345947e-01 -2.638077735900878906e-01
9.578148275613784790e-02 9.151663631200790405e-02
-2.585505843162536621e-01 -2.657696306705474854e-01
5.232204869389533997e-02 9.269739687442779541e-02
1.829594075679779053e-01 2.526283264160156250e-01
-8.230224251747131348e-01 -8.390387892723083496e-01
4.253427684307098389e-01 3.788901269435882568e-01
-1.266845017671585083e-01 -1.408333182334899902e-01
9.913663864135742188e-01 9.944214820861816406e-01
-1.391017436981201172e-01 -1.757769584655761719e-01
5.751554369926452637e-01 5.805221796035766602e-01
-1.009177684783935547e+00 -1.033361196517944336e+00
-1.175361394882202148e+00 -1.146938085556030273e+00
8.849462866783142090e-01 9.330694675445556641e-01
4.046781733632087708e-02 3.150257840752601624e-02
-9.253174066543579102e-01 -8.021407127380371094e-01
-5.489066615700721741e-02 -4.543716832995414734e-02
-9.042564630508422852e-01 -9.256596565246582031e-01
4.734248816967010498e-01 4.857449829578399658e-01
-2.978586554527282715e-01 -2.463845610618591309e-01
-3.494009748101234436e-02 -8.248669654130935669e-02
8.284677267074584961e-01 8.544166088104248047e-01
-7.385606169700622559e-01 -7.279055714607238770e-01
3.832745254039764404e-01 3.370877802371978760e-01
-7.085063457489013672e-01 -6.936762332916259766e-01
-8.785964250564575195e-01 -8.886811137199401855e-01
9.057280421257019043e-01 8.643355369567871094e-01
-4.502720832824707031e-01 -4.598654806613922119e-01
-2.303091287612915039e-01 -3.237968981266021729e-01
5.617286637425422668e-02 2.570747584104537964e-02
3.922103345394134521e-01 3.952539861202239990e-01
-2.349613159894943237e-01 -1.518717408180236816e-01
-1.230589628219604492e+00 -1.184648275375366211e+00
-4.848710894584655762e-01 -5.307008624076843262e-01
-1.111391544342041016e+00 -1.117166280746459961e+00
-8.885676264762878418e-01 -8.048235774040222168e-01
9.776100516319274902e-01 9.350782036781311035e-01
-7.873799204826354980e-01 -8.186545372009277344e-01
1.433697044849395752e-01 1.628411114215850830e-01
-8.398800492286682129e-01 -7.700016498565673828e-01
-6.999317407608032227e-01 -6.396382451057434082e-01
3.428309261798858643e-01 2.727512419223785400e-01
-5.669841766357421875e-01 -4.335959851741790771e-01
6.136557459831237793e-01 6.404185891151428223e-01
1.809777468442916870e-01 1.117344349622726440e-01
-5.599826574325561523e-01 -5.866660475730895996e-01
-3.428004384040832520e-01 -3.541101217269897461e-01
-2.706007361412048340e-01 -3.445673882961273193e-01
-2.542635798454284668e-01 -2.202164679765701294e-01
-1.641514450311660767e-01 -1.796997934579849243e-01
-6.179583072662353516e-01 -6.013241410255432129e-01
3.794219195842742920e-01 3.081324398517608643e-01
5.035308599472045898e-01 4.834447503089904785e-01
-9.296824038028717041e-02 -1.050534024834632874e-01
-9.091928601264953613e-01 -8.140236139297485352e-01
-1.004813671112060547e+00 -1.016483783721923828e+00
-9.006084799766540527e-01 -9.369197487831115723e-01
-9.517011642456054688e-01 -9.890162944793701172e-01
1.156499147415161133e+00 1.119779109954833984e+00
5.873842239379882812e-01 6.300289630889892578e-01
-3.191995918750762939e-01 -3.955117762088775635e-01
-4.924253523349761963e-01 -6.415526866912841797e-01
4.839169085025787354e-01 5.016057491302490234e-01
-8.611692786216735840e-01 -9.019098281860351562e-01
-7.147933840751647949e-01 -7.074236273765563965e-01
-1.763256825506687164e-02 -9.477549791336059570e-02
-7.402992844581604004e-01 -7.139701247215270996e-01
5.475817322731018066e-01 4.999658167362213135e-01
-9.786454439163208008e-01 -9.964627027511596680e-01
-2.043123245239257812e-01 -1.465807706117630005e-01
1.032559633255004883e+00 1.008629083633422852e+00
9.687519073486328125e-01 9.226825237274169922e-01
-9.922797083854675293e-01 -9.834778308868408203e-01
-3.925134539604187012e-01 -3.302288353443145752e-01
-5.567733645439147949e-01 -6.160124540328979492e-01
4.219824373722076416e-01 4.184989631175994873e-01
-8.237410783767700195e-01 -8.442212343215942383e-01
2.133416086435317993e-01 2.283986061811447144e-01
-4.235794842243194580e-01 -3.995770514011383057e-01
-5.171982049942016602e-01 -5.428875088691711426e-01
1.180151581764221191e+00 1.147366523742675781e+00
-5.378762483596801758e-01 -5.706949830055236816e-01
1.503586769104003906e-01 8.431876450777053833e-02
8.759338855743408203e-01 8.696435689926147461e-01
1.440004706382751465e-01 1.018013358116149902e-01
2.173407226800918579e-01 1.484412997961044312e-01
-1.116591095924377441e+00 -1.102205276489257812e+00
1.169710874557495117e+00 1.207982301712036133e+00
-1.464761644601821899e-01 -2.035645544528961182e-01
-3.067808747291564941e-01 -3.281679451465606689e-01
-9.744740724563598633e-01 -1.015009284019470215e+00
-7.793577313423156738e-01 -7.680088281631469727e-01
-1.341836899518966675e-01 -2.581296265125274658e-01
-4.495792686939239502e-01 -3.663776218891143799e-01
-1.124719858169555664e+00 -1.115170955657958984e+00
-2.826034128665924072e-01 -3.169346451759338379e-01
-6.839200258255004883e-01 -7.024589180946350098e-01
-2.335876822471618652e-01 -2.347804754972457886e-01
-1.091705918312072754e+00 -1.100270152091979980e+00
-7.877531051635742188e-01 -8.146576881408691406e-01
-2.201988697052001953e-01 -2.174866795539855957e-01
-6.211508512496948242e-01 -4.378484189510345459e-01
9.222460389137268066e-01 8.967836499214172363e-01
-9.904755949974060059e-01 -9.131186008453369141e-01
-6.242406964302062988e-01 -6.366550922393798828e-01
-3.174543976783752441e-01 -2.545614540576934814e-01
-9.611950516700744629e-01 -9.479429721832275391e-01
8.904157876968383789e-01 8.024929761886596680e-01
-1.972821205854415894e-01 -2.067415565252304077e-01
-5.819516181945800781e-01 -6.641792058944702148e-01
-3.904274404048919678e-01 -4.724144935607910156e-01
-7.348062992095947266e-01 -7.962540388107299805e-01
8.622815608978271484e-01 8.355675339698791504e-01
-1.928276270627975464e-01 -1.793085634708404541e-01
3.816584348678588867e-01 3.328345119953155518e-01
-1.441884934902191162e-01 -1.525667458772659302e-01
4.126587212085723877e-01 3.507703244686126709e-01
-2.276462167501449585e-01 -2.177424877882003784e-01
-5.157668590545654297e-01 -5.276716947555541992e-01
-3.469573855400085449e-01 -3.750085234642028809e-01
-5.917001366615295410e-01 -6.591967940330505371e-01
-9.960488677024841309e-01 -1.029621481895446777e+00
6.155078765004873276e-03 8.557247370481491089e-02
9.269111752510070801e-01 8.498184680938720703e-01
6.536440849304199219e-01 6.268803477287292480e-01
-9.615019708871841431e-02 -1.296486556529998779e-01
-1.647921395488083363e-03 -9.295470267534255981e-02
-5.032448768615722656e-01 -4.841775298118591309e-01
7.341375350952148438e-01 7.322593331336975098e-01
4.535652101039886475e-01 4.405736029148101807e-01
2.429994195699691772e-01 2.961030006408691406e-01
7.394952327013015747e-02 9.598889201879501343e-02
-6.594310402870178223e-01 -6.343361139297485352e-01
-1.081078350543975830e-01 -2.038057595491409302e-01
5.342375636100769043e-01 5.400135517120361328e-01
5.458272695541381836e-01 5.069495439529418945e-01
-4.934123158454895020e-01 -4.894920289516448975e-01
-7.985171079635620117e-01 -7.930704355239868164e-01
-5.425541996955871582e-01 -4.849807918071746826e-01
-4.939034879207611084e-01 -4.501041173934936523e-01
8.157414942979812622e-02 7.585928589105606079e-02
-2.488992661237716675e-01 -2.200120538473129272e-01
-6.922593712806701660e-01 -7.050129771232604980e-01
-6.590037941932678223e-01 -6.774404644966125488e-01
2.110701352357864380e-01 1.704953759908676147e-01
8.473756909370422363e-01 8.282048106193542480e-01
-8.865168094635009766e-01 -9.232657551765441895e-01
4.804033637046813965e-01 4.223731756210327148e-01
-4.591538608074188232e-01 -4.428925216197967529e-01
-7.571401596069335938e-01 -7.638727426528930664e-01
8.996726870536804199e-01 9.448591470718383789e-01
-9.812637567520141602e-01 -9.997553825378417969e-01
-5.820675492286682129e-01 -6.106945276260375977e-01
-5.935819149017333984e-01 -5.551907420158386230e-01
7.396841645240783691e-01 8.111631870269775391e-01
-1.353486031293869019e-01 -1.548266559839248657e-01
1.000928759574890137e+00 9.847313761711120605e-01
9.762737154960632324e-01 9.814512729644775391e-01
-7.309845685958862305e-01 -7.019104361534118652e-01
-7.815581560134887695e-01 -8.063225150108337402e-01
-8.045950531959533691e-01 -8.366491794586181641e-01
-9.520610421895980835e-02 -1.043527275323867798e-01
-1.400357633829116821e-01 -1.308786422014236450e-01
-8.420546650886535645e-01 -7.903278470039367676e-01
1.451081037521362305e-01 2.200898081064224243e-01
5.278978347778320312e-01 5.569589138031005859e-01
5.607442855834960938e-01 5.612243413925170898e-01
8.228272199630737305e-01 7.816613316535949707e-01
2.882413566112518311e-01 2.811763882637023926e-01
-9.408730268478393555e-02 -1.528181433677673340e-01
3.650841116905212402e-01 3.510650396347045898e-01
-1.665961146354675293e-01 -1.958983689546585083e-01
-3.615346550941467285e-01 -3.945488035678863525e-01
1.469218879938125610e-01 1.136739552021026611e-01
-1.156439781188964844e+00 -1.116483926773071289e+00
-5.214272439479827881e-02 -9.548199176788330078e-02
-6.357495188713073730e-01 -7.017862796783447266e-01
4.978298246860504150e-01 5.125194787979125977e-01
1.442301273345947266e-01 1.369698196649551392e-01
9.946843981742858887e-01 9.034951329231262207e-01
-5.391322374343872070e-01 -5.539691448211669922e-01
-1.097057461738586426e+00 -1.035001277923583984e+00
8.835781216621398926e-01 9.152874946594238281e-01
-3.274339139461517334e-01 -3.343699872493743896e-01
6.978733539581298828e-01 6.600449085235595703e-01
5.976780652999877930e-01 5.307430624961853027e-01
6.721565872430801392e-02 5.193018168210983276e-02
8.397198915481567383e-01 8.681557178497314453e-01
1.521661877632141113e-01 2.017067372798919678e-01
-6.981054544448852539e-01 -7.261453270912170410e-01
2.874319553375244141e-01 3.539777994155883789e-01
-9.366408586502075195e-01 -9.218041896820068359e-01
3.162851333618164062e-01 3.308097422122955322e-01
-6.047410368919372559e-01 -6.791209578514099121e-01
-5.125264171510934830e-03 2.530313469469547272e-02
-7.923992872238159180e-01 -7.784928083419799805e-01
-6.018371582031250000e-01 -6.097344160079956055e-01
-9.973426461219787598e-01 -1.031786441802978516e+00
5.662661790847778320e-02 5.256352946162223816e-02
-6.493493169546127319e-02 -4.533063992857933044e-02
-1.902659386396408081e-01 -1.827928125858306885e-01
-4.220013618469238281e-01 -4.541338086128234863e-01
7.374540567398071289e-01 8.339225053787231445e-01
-2.381314486265182495e-01 -2.641135454177856445e-01
-7.613607645034790039e-01 -8.029553890228271484e-01
7.733635902404785156e-01 7.699930071830749512e-01
-9.366599321365356445e-01 -9.115477204322814941e-01
-1.095249056816101074e+00 -9.228755831718444824e-01
-1.598482429981231689e-01 -1.733335703611373901e-01
-2.581599652767181396e-01 -2.472520023584365845e-01
-9.002350568771362305e-01 -8.777670860290527344e-01
-9.889689087867736816e-01 -9.765948057174682617e-01
1.150444030761718750e+00 1.066501379013061523e+00
-2.350433617830276489e-01 -3.201909065246582031e-01
7.058898210525512695e-01 7.254285812377929688e-01
-4.119789898395538330e-01 -3.538643121719360352e-01
-7.977060675621032715e-01 -7.580947279930114746e-01
2.684253267943859100e-02 6.678186357021331787e-02
-1.007248520851135254e+00 -1.013021826744079590e+00
-5.084379315376281738e-01 -5.511541962623596191e-01
-7.987438887357711792e-02 -1.125329285860061646e-01
8.749806880950927734e-02 1.000265702605247498e-01
-3.094338476657867432e-01 -3.280070424079895020e-01
-2.674191892147064209e-01 -3.342966139316558838e-01
-7.690609097480773926e-01 -7.868211269378662109e-01
-3.260548412799835205e-01 -3.369672596454620361e-01
1.178239464759826660e+00 1.162892580032348633e+00
-2.480652332305908203e-01 -2.403814941644668579e-01
1.605135649442672729e-01 1.445598304271697998e-01
3.224031925201416016e-01 3.996167182922363281e-01
-6.569671630859375000e-01 -6.659631133079528809e-01
-2.749579846858978271e-01 -3.091347217559814453e-01
1.353338122367858887e+00 1.251276969909667969e+00
-5.389437675476074219e-01 -5.775386691093444824e-01
9.479023218154907227e-01 9.185722470283508301e-01
-4.789350628852844238e-01 -4.510364830493927002e-01
2.941367030143737793e-01 3.291481435298919678e-01
3.647650778293609619e-01 3.753884732723236084e-01
-7.114254236221313477e-01 -7.418553829193115234e-01
-4.392122924327850342e-01 -4.502992331981658936e-01
-6.930906772613525391e-01 -7.077370882034301758e-01
2.942592799663543701e-01 3.044155836105346680e-01
4.589218795299530029e-01 4.617621898651123047e-01
-4.325411319732666016e-01 -4.615232050418853760e-01
-1.557092517614364624e-01 -1.473898440599441528e-01
7.004200816154479980e-01 7.395201325416564941e-01
-6.189176440238952637e-01 -6.854640245437622070e-01
3.971026539802551270e-01 3.507557809352874756e-01
3.787702322006225586e-01 3.330898582935333252e-01
8.867172002792358398e-01 8.484287261962890625e-01
-2.779518961906433105e-01 -2.606380283832550049e-01
-1.542029678821563721e-01 -1.485031247138977051e-01
-5.095173716545104980e-01 -3.981753587722778320e-01
-6.459062695503234863e-01 -6.601380705833435059e-01
-4.695744812488555908e-01 -4.406619071960449219e-01
3.296799361705780029e-01 3.296594321727752686e-01
-3.358694314956665039e-01 -3.763254284858703613e-01
-4.834850728511810303e-01 -5.129744410514831543e-01
-4.572490751743316650e-01 -4.827843308448791504e-01
1.103811025619506836e+00 1.130290389060974121e+00
-1.107886552810668945e+00 -1.101218342781066895e+00
8.303315639495849609e-01 8.520948290824890137e-01
-3.840146660804748535e-01 -4.238963425159454346e-01
-8.067808300256729126e-02 -1.823056638240814209e-01
-1.336544305086135864e-01 -1.231100782752037048e-01
-6.559904217720031738e-01 -7.442786693572998047e-01
3.515584170818328857e-01 4.136791229248046875e-01
-2.131141126155853271e-01 -2.631790935993194580e-01
-7.273560762405395508e-01 -8.201509714126586914e-01
-1.061440348625183105e+00 -1.033062815666198730e+00
7.701293826103210449e-01 7.229493260383605957e-01
5.745751783251762390e-02 5.166446790099143982e-02
1.538847237825393677e-01 1.432216763496398926e-01
4.408445656299591064e-01 4.167000353336334229e-01
6.960582137107849121e-01 6.971547007560729980e-01
4.597029983997344971e-01 4.808292090892791748e-01
2.358158975839614868e-01 2.209623157978057861e-01
-8.633369207382202148e-02 -2.497911900281906128e-01
-5.579413771629333496e-01 -5.167059898376464844e-01
6.948066353797912598e-01 6.785355806350708008e-01
1.358981430530548096e-01 1.932911127805709839e-01
-9.867421984672546387e-01 -9.453513026237487793e-01
8.758254647254943848e-01 8.415296673774719238e-01
-1.509220898151397705e-01 -2.266271859407424927e-01
-6.618977189064025879e-01 -5.801252126693725586e-01
1.548464775085449219e+00 1.572683334350585938e+00
1.027826189994812012e+00 9.482129812240600586e-01
-1.663228273391723633e+00 -1.613807678222656250e+00
9.708563089370727539e-01 9.909504652023315430e-01
4.581315517425537109e-01 4.401086866855621338e-01
-2.763929665088653564e-01 -2.725438177585601807e-01
-5.776209235191345215e-01 -5.696073770523071289e-01
1.784376949071884155e-01 1.781151741743087769e-01
-4.050701558589935303e-01 -3.860251903533935547e-01
-6.626351475715637207e-01 -7.124828100204467773e-01
3.179552257061004639e-01 2.971032261848449707e-01
-4.668167233467102051e-02 -6.368427723646163940e-02
-3.568325340747833252e-01 -3.453187942504882812e-01
-9.765232205390930176e-01 -9.845542907714843750e-01
1.222855925559997559e+00 1.157195925712585449e+00
-1.190190196037292480e+00 -1.078772544860839844e+00
9.338001608848571777e-01 9.899621009826660156e-01
-4.001198709011077881e-01 -4.118816554546356201e-01
4.830322563648223877e-01 5.016156435012817383e-01
-1.538803800940513611e-02 1.085995323956012726e-02
-1.979985982179641724e-01 -2.183324098587036133e-01
-9.829437732696533203e-01 -9.592678546905517578e-01
-9.759973883628845215e-01 -1.007777214050292969e+00
3.776141405105590820e-01 3.493376374244689941e-01
9.090977907180786133e-01 9.159260988235473633e-01
-9.814602136611938477e-01 -9.938892126083374023e-01
-1.020565271377563477e+00 -1.003149390220642090e+00
1.797550022602081299e-01 1.053000986576080322e-01
-1.045562028884887695e+00 -1.019027471542358398e+00
-7.488411068916320801e-01 -7.673898339271545410e-01
-2.251415550708770752e-01 -2.561233937740325928e-01
-7.885401844978332520e-01 -7.925128340721130371e-01
-2.861415743827819824e-01 -3.368039131164550781e-01
-2.312524020671844482e-01 -3.187504112720489502e-01
3.600747585296630859e-01 4.262816011905670166e-01
-7.099681496620178223e-01 -7.335040569305419922e-01
-1.804495751857757568e-01 -1.943896561861038208e-01
-9.388271570205688477e-01 -9.747764468193054199e-01
-1.239709854125976562e-01 -1.628815382719039917e-01
3.328186273574829102e-01 3.394033908843994141e-01
5.047670751810073853e-02 -4.584027454257011414e-02
-4.518516957759857178e-01 -4.591431617736816406e-01
-4.263958632946014404e-01 -3.335333764553070068e-01
1.224939942359924316e+00 1.133003473281860352e+00
-3.714170157909393311e-01 -4.168038666248321533e-01
8.475898504257202148e-01 8.032947778701782227e-01
-7.316226959228515625e-01 -7.648670673370361328e-01
2.175454981625080109e-02 1.771304942667484283e-02
-1.482798606157302856e-01 -1.394559890031814575e-01
2.117445617914199829e-01 2.259904891252517700e-01
-5.267266929149627686e-02 -8.380501717329025269e-02
-1.510476693511009216e-02 -5.014245957136154175e-02
-9.725415110588073730e-01 -9.691848754882812500e-01
-2.222315669059753418e-01 -2.083760946989059448e-01
-4.274410307407379150e-01 -4.260338246822357178e-01
-8.681775927543640137e-01 -8.717004060745239258e-01
-3.699799776077270508e-01 -4.160152077674865723e-01
8.319529294967651367e-01 8.654278516769409180e-01
8.554022312164306641e-01 9.423466324806213379e-01
1.066618189215660095e-01 6.305627524852752686e-02
5.788541864603757858e-03 -3.876835573464632034e-03
-6.904830336570739746e-01 -6.992212533950805664e-01
-5.753771066665649414e-01 -5.585260987281799316e-01
1.704322397708892822e-01 1.851897090673446655e-01
-2.554468512535095215e-01 -3.062345385551452637e-01
3.641902208328247070e-01 2.945736348628997803e-01
7.620229721069335938e-01 7.656739950180053711e-01
9.584482312202453613e-01 1.095072507858276367e+00
-2.947735786437988281e-01 -3.179325163364410400e-01
-9.766737371683120728e-02 -9.094268083572387695e-02
-2.357101738452911377e-01 -2.636035978794097900e-01
-1.077014923095703125e+00 -1.040649056434631348e+00
-4.819174110889434814e-01 -4.693450629711151123e-01
-9.765802621841430664e-01 -9.713118076324462891e-01
3.976981937885284424e-01 3.951508104801177979e-01
-1.845288276672363281e-01 -1.855977326631546021e-01
5.582977533340454102e-01 5.075708627700805664e-01
-1.083444118499755859e+00 -1.113655686378479004e+00
-3.669187128543853760e-01 -3.480776548385620117e-01
4.697065800428390503e-02 7.267883419990539551e-02
5.614006519317626953e-01 5.044460892677307129e-01
2.894888520240783691e-01 3.032890260219573975e-01
8.598326444625854492e-01 8.934195041656494141e-01
8.307319879531860352e-01 8.324250578880310059e-01
-3.317295014858245850e-01 -3.188427388668060303e-01
1.481918454170227051e+00 1.503967165946960449e+00
-6.367160677909851074e-01 -5.973689556121826172e-01
5.775600075721740723e-01 5.704303979873657227e-01
-8.328944444656372070e-01 -7.802983522415161133e-01
-6.188657879829406738e-01 -5.889797210693359375e-01
-2.803648710250854492e-01 -3.471477031707763672e-01
-5.599120259284973145e-01 -5.113203525543212891e-01
5.529278516769409180e-01 5.772516131401062012e-01
-4.568587243556976318e-02 -1.401818096637725830e-01
1.123545765876770020e-01 8.537302911281585693e-02
7.330372929573059082e-01 6.877251863479614258e-01
-5.872136354446411133e-01 -6.095110774040222168e-01
-3.464833796024322510e-01 -3.250161707401275635e-01
4.639421105384826660e-01 4.698776900768280029e-01
-3.043910264968872070e-01 -2.595384418964385986e-01
-4.959899187088012695e-01 -4.924610257148742676e-01
-7.744407653808593750e-01 -7.583675980567932129e-01
6.268006563186645508e-02 1.173039525747299194e-01
-2.124828100204467773e-01 -2.316080927848815918e-01
-6.377424597740173340e-01 -6.816100478172302246e-01
6.908227205276489258e-01 7.094766497611999512e-01
-3.876823484897613525e-01 -4.533769190311431885e-01
-5.402051806449890137e-01 -5.559988021850585938e-01
7.610821127891540527e-01 7.094766497611999512e-01
8.620600700378417969e-01 8.255115151405334473e-01
-8.022590875625610352e-01 -8.354790210723876953e-01
-1.044324994087219238e+00 -1.059858202934265137e+00
-3.066649436950683594e-01 -2.492948025465011597e-01
-5.802850723266601562e-01 -5.086948275566101074e-01
-9.757646918296813965e-01 -9.240098595619201660e-01
-5.850383639335632324e-01 -5.986152887344360352e-01
-3.304625153541564941e-01 -3.037109076976776123e-01
3.266522586345672607e-01 3.386895358562469482e-01
3.644420579075813293e-02 7.557033095508813858e-03
4.903824627399444580e-01 4.245628714561462402e-01
5.580612421035766602e-01 4.755981862545013428e-01
-9.170743823051452637e-01 -9.592678546905517578e-01
-5.173599720001220703e-01 -5.429054498672485352e-01
8.212078809738159180e-01 7.834377884864807129e-01
6.376636624336242676e-01 6.147868037223815918e-01
1.661811351776123047e+00 1.611843109130859375e+00
7.249847054481506348e-02 1.373963430523872375e-03
-6.004728078842163086e-01 -5.935899615287780762e-01
-2.540024816989898682e-01 -2.826960086822509766e-01
6.509305834770202637e-01 6.352580785751342773e-01
-1.061277627944946289e+00 -1.078947663307189941e+00
8.994755744934082031e-01 8.510108590126037598e-01
-1.038722872734069824e+00 -1.028605222702026367e+00
-1.156313419342041016e+00 -1.181330919265747070e+00
-3.658332526683807373e-01 -3.170762956142425537e-01
-6.098295450210571289e-01 -6.188324689865112305e-01
6.024589538574218750e-01 5.861852765083312988e-01
-3.612856864929199219e-01 -4.100178778171539307e-01
-1.257974058389663696e-01 -1.212982237339019775e-01
-4.187832027673721313e-02 -5.172775313258171082e-02
-7.790389060974121094e-01 -7.176185846328735352e-01
-2.605141699314117432e-01 -2.784710526466369629e-01
-2.649626880884170532e-02 8.200836926698684692e-02
2.813034057617187500e-01 3.291311860084533691e-01
-7.527114748954772949e-01 -7.524488568305969238e-01
8.103090524673461914e-01 7.410163879394531250e-01
-8.593073487281799316e-01 -8.957281708717346191e-01
-9.540719389915466309e-01 -9.809229373931884766e-01
2.662994563579559326e-01 2.616053223609924316e-01
-5.924003720283508301e-01 -5.969307422637939453e-01
-8.821144104003906250e-01 -9.019098281860351562e-01
-6.664582490921020508e-01 -6.622552275657653809e-01
-1.591144800186157227e-01 -1.917942762374877930e-01
-7.622166872024536133e-01 -8.098120689392089844e-01
-1.702774167060852051e-01 -8.929871767759323120e-02
-2.274236232042312622e-01 -2.993184924125671387e-01
4.864973723888397217e-01 4.785896241664886475e-01
-3.477080166339874268e-01 -3.604587316513061523e-01
-8.313304781913757324e-01 -8.688591718673706055e-01
-4.858572185039520264e-01 -5.117943286895751953e-01
-9.112639427185058594e-01 -9.211128950119018555e-01
-7.553742527961730957e-01 -7.514954805374145508e-01
3.414484439417719841e-03 -4.961446300148963928e-02
-2.317521423101425171e-01 -2.192795723676681519e-01
-3.709064126014709473e-01 -4.908140897750854492e-01
1.169423818588256836e+00 1.115666747093200684e+00
9.100278615951538086e-01 8.702073097229003906e-01
-2.545759677886962891e-01 -2.673856317996978760e-01
1.250937283039093018e-01 1.620053350925445557e-01
-5.191985368728637695e-01 -5.238678455352783203e-01
6.001172661781311035e-01 6.242087483406066895e-01
1.254717230796813965e+00 1.201994061470031738e+00
6.185345053672790527e-01 6.307454109191894531e-01
7.504823207855224609e-01 7.754653096199035645e-01
1.714847832918167114e-01 1.584724038839340210e-01
1.352422595024108887e+00 1.466542482376098633e+00
5.849059820175170898e-01 6.093236804008483887e-01
-8.968276381492614746e-01 -9.008597135543823242e-01
9.102879762649536133e-01 9.209723472595214844e-01
-6.467412710189819336e-01 -6.548611521720886230e-01
-7.173125147819519043e-01 -5.822610259056091309e-01
-1.119662642478942871e+00 -1.112694621086120605e+00
-5.076622366905212402e-01 -4.943249225616455078e-01
-5.188031196594238281e-01 -5.162096619606018066e-01
-1.094180464744567871e+00 -1.127924203872680664e+00
-1.891474127769470215e-01 -2.001073509454727173e-01
-1.108033955097198486e-01 -1.720739006996154785e-01
5.155840516090393066e-01 5.262105464935302734e-01
-3.361612558364868164e-02 -3.796885907649993896e-02
-5.868455767631530762e-01 -6.377539634704589844e-01
-1.219360589981079102e+00 -1.204321146011352539e+00
-5.515508055686950684e-01 -6.299787759780883789e-01
-3.774174153804779053e-01 -4.208903014659881592e-01
5.402249097824096680e-01 5.461341142654418945e-01
8.462645411491394043e-01 8.590967655181884766e-01
-1.109696030616760254e+00 -1.090859174728393555e+00
-1.826358735561370850e-01 -2.451915591955184937e-01
5.215458869934082031e-01 4.728304743766784668e-01
-3.487710356712341309e-01 -3.528300821781158447e-01
6.513263583183288574e-01 7.419989705085754395e-01
-2.706072926521301270e-01 -3.342883884906768799e-01
-1.062158226966857910e+00 -1.016623735427856445e+00
-6.083782315254211426e-01 -6.402676105499267578e-01
8.262581825256347656e-01 8.042612671852111816e-01
-1.926225870847702026e-01 -3.451802432537078857e-01
-4.968541562557220459e-01 -5.267453193664550781e-01
-1.921858452260494232e-02 -1.267738491296768188e-01
7.660966515541076660e-01 8.061566352844238281e-01
2.500716745853424072e-01 2.130072265863418579e-01
-1.197641044855117798e-01 -1.408147811889648438e-01
7.331506013870239258e-01 7.022057771682739258e-01
-3.026130497455596924e-01 -4.150805771350860596e-01
-1.565811038017272949e-01 -1.684955209493637085e-01
-8.040691725909709930e-03 -3.301955014467239380e-02
7.926836609840393066e-01 7.964016199111938477e-01
-4.828685820102691650e-01 -3.978060483932495117e-01
-4.661164581775665283e-01 -5.080859661102294922e-01
-8.218424320220947266e-01 -7.621327638626098633e-01
-8.840906620025634766e-01 -8.302716612815856934e-01
1.686608910560607910e+00 1.710114359855651855e+00
-3.562847673892974854e-01 -3.287482559680938721e-01
8.509151935577392578e-01 7.006047964096069336e-01
-3.109628558158874512e-01 -2.964374125003814697e-01
-9.336950778961181641e-01 -9.999688863754272461e-01
-2.688533663749694824e-01 -3.192530274391174316e-01
-8.514047414064407349e-02 -6.219039112329483032e-02
8.454138636589050293e-01 8.521013259887695312e-01
-3.260651826858520508e-01 -3.382078707218170166e-01
-6.592667698860168457e-01 -6.909078955650329590e-01
-8.566759824752807617e-01 -9.118707180023193359e-01
-1.744721829891204834e-01 -2.069274336099624634e-01
-8.001642227172851562e-01 -7.849795222282409668e-01
8.193124532699584961e-01 7.940224409103393555e-01
-1.902417242527008057e-01 -2.150638997554779053e-01
-7.144321501255035400e-02 -3.851692751049995422e-02
1.633263975381851196e-01 1.695586293935775757e-01
-7.963501214981079102e-01 -8.289743065834045410e-01
3.698821663856506348e-01 3.638098835945129395e-01
-3.636023104190826416e-01 -3.242172002792358398e-01
-2.385944426059722900e-01 -2.691022753715515137e-01
8.330755829811096191e-01 8.461443185806274414e-01
-1.511731147766113281e-01 -2.110496014356613159e-01
-5.574156641960144043e-01 -4.808835089206695557e-01
-4.667428433895111084e-01 -4.252504110336303711e-01
4.848285019397735596e-01 5.476762652397155762e-01
-8.501132726669311523e-01 -8.282330036163330078e-01
-8.314601331949234009e-02 -1.159407645463943481e-01
-1.612835079431533813e-01 -1.657364219427108765e-01
-1.889381557703018188e-01 -1.813304275274276733e-01
5.241527557373046875e-01 4.907595813274383545e-01
5.649068355560302734e-01 5.635656714439392090e-01
4.331208765506744385e-02 2.217275090515613556e-03
-1.511861830949783325e-01 -2.065040916204452515e-01
1.117778182029724121e+00 1.040192365646362305e+00
-2.205685377120971680e-01 -2.362346053123474121e-01
1.062680706381797791e-01 8.804320544004440308e-02
-4.143632650375366211e-01 -4.187377989292144775e-01
-9.777507185935974121e-01 -1.020550608634948730e+00
-6.423248648643493652e-01 -6.682369112968444824e-01
7.888034582138061523e-01 7.640327215194702148e-01
6.753432750701904297e-01 7.058256268501281738e-01
-4.133130311965942383e-01 -4.022974669933319092e-01
3.331447541713714600e-01 3.581884801387786865e-01
-2.731165885925292969e-01 -2.860555946826934814e-01
-9.793829917907714844e-01 -9.798104763031005859e-01
3.302864730358123779e-01 3.197139799594879150e-01
3.136974573135375977e-01 3.650388121604919434e-01
-1.377040296792984009e-01 -1.499231308698654175e-01
-5.722582340240478516e-01 -6.233540177345275879e-01
8.623075485229492188e-01 8.434188961982727051e-01
-6.920936703681945801e-01 -6.903079748153686523e-01
-2.009102255105972290e-01 -1.899605542421340942e-01
-1.187926605343818665e-01 -1.597458571195602417e-01
-1.232994049787521362e-01 -2.079277634620666504e-01
-3.963882103562355042e-02 2.846756018698215485e-02
-5.772790312767028809e-01 -4.912783801555633545e-01
-4.873478710651397705e-01 -5.508424043655395508e-01
-1.080708384513854980e+00 -1.094463467597961426e+00
-1.153584837913513184e+00 -1.137425184249877930e+00
8.489919304847717285e-01 7.951878905296325684e-01
8.798901438713073730e-01 8.820646405220031738e-01
-8.403143286705017090e-01 -8.224573135375976562e-01
-5.135018229484558105e-01 -5.453818440437316895e-01
-2.275864928960800171e-01 -2.197672277688980103e-01
-6.457072496414184570e-01 -6.181728243827819824e-01
-2.305952459573745728e-01 -2.701804935932159424e-01
-5.852746963500976562e-01 -5.971587300300598145e-01
7.557564377784729004e-01 7.241622209548950195e-01
-4.220337271690368652e-01 -4.503412544727325439e-01
-5.261009335517883301e-01 -5.890722870826721191e-01
4.021065533161163330e-01 5.320582985877990723e-01
-1.838632300496101379e-02 7.789558172225952148e-02
7.252093553543090820e-01 8.092785477638244629e-01
1.405529022216796875e+00 1.560438871383666992e+00
1.358461678028106689e-01 1.436649113893508911e-01
1.272526755928993225e-02 -3.383252397179603577e-02
-1.031764626502990723e+00 -1.069679141044616699e+00
-1.261291980743408203e+00 -1.173474788665771484e+00
-8.774210214614868164e-01 -9.425315856933593750e-01
-5.754842758178710938e-01 -6.398076415061950684e-01
-3.711555302143096924e-01 -3.272344768047332764e-01
3.753417134284973145e-01 3.257436156272888184e-01
-4.317758083343505859e-01 -4.308566451072692871e-01
5.415914654731750488e-01 4.947024285793304443e-01
-3.585886359214782715e-01 -4.027420580387115479e-01
-6.208325028419494629e-01 -6.228463649749755859e-01
-1.062204241752624512e+00 -1.039005875587463379e+00
-3.401720821857452393e-01 -4.669155776500701904e-01
-1.870471090078353882e-01 -2.061386257410049438e-01
-9.818014502525329590e-01 -9.834778308868408203e-01
7.164300084114074707e-01 7.716377973556518555e-01
-1.409742832183837891e-01 -1.305838674306869507e-01
-1.218094453215599060e-01 -1.230234205722808838e-01
-1.033917307853698730e+00 -1.034161090850830078e+00
8.788337111473083496e-01 8.689965605735778809e-01
3.491280376911163330e-01 3.073866665363311768e-01
1.280154943466186523e+00 1.345645904541015625e+00
2.943849861621856689e-01 3.195504546165466309e-01
9.706148505210876465e-01 9.089337587356567383e-01
-1.266533434391021729e-01 -1.723698824644088745e-01
-7.940043807029724121e-01 -8.894723057746887207e-01
-2.974683046340942383e-01 -3.420893847942352295e-01
-4.861841499805450439e-01 -4.238811135292053223e-01
-4.477235972881317139e-01 -4.128037393093109131e-01
-2.357480078935623169e-01 -2.731651067733764648e-01
7.635334730148315430e-01 7.475768327713012695e-01
7.841452956199645996e-01 7.740128636360168457e-01
-8.890897780656814575e-02 -1.201149299740791321e-01
1.314954757690429688e-01 1.105583086609840393e-01
-1.105807900428771973e+00 -1.057674646377563477e+00
-1.211910694837570190e-01 -1.751321852207183838e-01
-1.092752456665039062e+00 -1.117125630378723145e+00
-5.997914075851440430e-01 -4.773923456668853760e-01
8.377032876014709473e-01 8.952951431274414062e-01
5.978800654411315918e-01 5.698952674865722656e-01
-3.876562416553497314e-01 -3.703457117080688477e-01
-5.660106539726257324e-01 -5.991741418838500977e-01
6.962078809738159180e-01 7.317379713058471680e-01
-5.837384462356567383e-01 -5.881725549697875977e-01
-3.927925229072570801e-01 -3.914189934730529785e-01
1.814192533493041992e-01 1.205487176775932312e-01
-1.026781678199768066e+00 -1.032368421554565430e+00
3.466459512710571289e-01 3.278375864028930664e-01
-7.862473726272583008e-01 -8.472370505332946777e-01
-3.802535235881805420e-01 -3.348149359226226807e-01
-4.093477725982666016e-01 -3.590959906578063965e-01
-1.055700063705444336e+00 -1.055320382118225098e+00
-6.002901792526245117e-01 -5.953224897384643555e-01
-1.022026911377906799e-01 -3.011857159435749054e-02
-4.990907907485961914e-01 -4.485240280628204346e-01
7.460527420043945312e-01 7.491185069084167480e-01
-3.293540775775909424e-01 -3.331428468227386475e-01
-6.701307892799377441e-01 -6.396382451057434082e-01
7.176405191421508789e-01 7.816613316535949707e-01
5.598714947700500488e-01 6.518243551254272461e-01
-3.529425337910652161e-02 4.301885887980461121e-02
1.363486200571060181e-01 1.443746238946914673e-01
-6.599582433700561523e-01 -6.418908238410949707e-01
1.306656360626220703e+00 1.179008483886718750e+00
-6.701292842626571655e-02 -7.294274866580963135e-02
-4.217884242534637451e-01 -4.334176182746887207e-01
5.962708219885826111e-02 5.934813246130943298e-02
1.647872477769851685e-01 1.963086873292922974e-01
-6.918110847473144531e-01 -7.780513167381286621e-01
-9.257277250289916992e-01 -8.730660676956176758e-01
1.380157321691513062e-01 1.882494091987609863e-01
1.285541296005249023e+00 1.390982031822204590e+00
-3.914763033390045166e-01 -3.494282662868499756e-01
-5.756862163543701172e-01 -5.570830702781677246e-01
-2.068454325199127197e-01 -2.214119583368301392e-01
3.734014034271240234e-01 4.467691183090209961e-01
-3.241198360919952393e-01 -2.859404683113098145e-01
-9.736778736114501953e-01 -1.040401458740234375e+00
-1.879146099090576172e-01 -1.805699020624160767e-01
-3.016521930694580078e-01 -2.806535959243774414e-01
-1.837873160839080811e-01 -1.603823155164718628e-01
9.331450462341308594e-01 8.871021270751953125e-01
3.065189719200134277e-01 3.215599060058593750e-01
2.551620900630950928e-01 1.892820447683334351e-01
-3.313749134540557861e-01 -3.990222215652465820e-01
-4.564697444438934326e-01 -4.071162343025207520e-01
8.467381000518798828e-01 8.266884684562683105e-01
-8.209668993949890137e-01 -9.356499314308166504e-01
-8.413226604461669922e-01 -8.071392774581909180e-01
-8.804545402526855469e-01 -8.813368082046508789e-01
-7.244135737419128418e-01 -8.034266233444213867e-01
9.310440421104431152e-01 9.245337247848510742e-01
-1.032030940055847168e+00 -9.715576171875000000e-01
-2.482497245073318481e-01 -3.015170991420745850e-01
1.000252127647399902e+00 9.908327460289001465e-01
5.991198495030403137e-02 3.558430448174476624e-02
-2.574305832386016846e-01 -3.110689818859100342e-01
-4.822370111942291260e-01 -5.713558197021484375e-01
-2.044298797845840454e-01 -1.601774245500564575e-01
9.349790811538696289e-01 9.412873387336730957e-01
-4.190003573894500732e-01 -4.975566864013671875e-01
-7.685483694076538086e-01 -6.956939697265625000e-01
-2.514484226703643799e-01 -2.752873599529266357e-01
-1.245767101645469666e-01 -1.278936862945556641e-01
-6.979978829622268677e-02 -9.052233397960662842e-02
3.691066503524780273e-01 3.688616156578063965e-01
1.739268600940704346e-01 1.698008775711059570e-01
-1.101049542427062988e+00 -1.104100227355957031e+00
2.203402370214462280e-01 2.348011583089828491e-01
1.239640414714813232e-01 8.379523456096649170e-02
-2.063885480165481567e-01 -1.576996296644210815e-01
3.867602944374084473e-01 4.791945219039916992e-01
-5.506329536437988281e-01 -5.663007497787475586e-01
4.417749047279357910e-01 5.277116298675537109e-01
2.850120365619659424e-01 2.335845977067947388e-01
3.893363848328590393e-02 2.378926612436771393e-02
7.650457620620727539e-01 7.538267374038696289e-01
-1.213203221559524536e-01 -1.252624243497848511e-01
-8.943591117858886719e-01 -8.712944984436035156e-01
-3.555578291416168213e-01 -3.704466521739959717e-01
-9.631373882293701172e-01 -9.350283741950988770e-01
-9.860952496528625488e-01 -9.715335369110107422e-01
9.478655457496643066e-01 9.791028499603271484e-01
-2.444198578596115112e-01 -1.916442811489105225e-01
-3.414551019668579102e-01 -2.945805490016937256e-01
-2.940410375595092773e-01 -2.839094996452331543e-01
-3.262753784656524658e-02 -2.227041497826576233e-02
5.229415893554687500e-01 4.431708455085754395e-01
-7.641575932502746582e-01 -7.506551146507263184e-01
1.814782917499542236e-01 1.681613773107528687e-01
-3.568645119667053223e-01 -4.430080354213714600e-01
-6.615581512451171875e-01 -6.164659261703491211e-01
6.932095885276794434e-01 7.159258127212524414e-01
-9.847930669784545898e-01 -1.040563106536865234e+00
-4.207137227058410645e-01 -4.768722951412200928e-01
-7.711023092269897461e-01 -8.639184832572937012e-01
-2.763099670410156250e-01 -2.770361602306365967e-01
-3.705628514289855957e-01 -3.608622252941131592e-01
-9.522086381912231445e-01 -9.276845455169677734e-01
6.469486355781555176e-01 5.949955582618713379e-01
-8.877547979354858398e-01 -9.037337303161621094e-01
-4.944142401218414307e-01 -6.269493103027343750e-01
-4.681217968463897705e-01 -6.586809754371643066e-01
-9.345672130584716797e-01 -9.784523248672485352e-01
-4.183871448040008545e-01 -4.331054687500000000e-01
-4.202187359333038330e-01 -5.822610259056091309e-01
-6.674115657806396484e-01 -6.688123941421508789e-01
2.739397287368774414e-01 2.976944148540496826e-01
-4.359602332115173340e-01 -4.468007981777191162e-01
6.252900958061218262e-01 5.670996308326721191e-01
-6.386540532112121582e-01 -6.365895867347717285e-01
6.804821491241455078e-01 6.601890921592712402e-01
7.138729840517044067e-02 6.799267232418060303e-02
-8.935333788394927979e-02 -9.879957139492034912e-02
-2.310072332620620728e-01 -2.723046839237213135e-01
-6.615913510322570801e-01 -5.720495581626892090e-01
5.211796164512634277e-01 4.844994843006134033e-01
7.627097964286804199e-01 8.066462278366088867e-01
-1.001560688018798828e+00 -1.019758820533752441e+00
-1.456482559442520142e-01 -1.517106890678405762e-01
3.749002456665039062e+00 3.661597251892089844e+00
-4.905503690242767334e-01 -4.827096462249755859e-01
-2.064767181873321533e-01 -2.141782790422439575e-01
-7.587330937385559082e-01 -7.315300703048706055e-01
-9.905738234519958496e-01 -9.878739714622497559e-01
-2.589216232299804688e-01 -2.874997556209564209e-01
