-1.261291980743408203e+00 -9.775992631912231445e-01
-8.774210214614868164e-01 -9.806068539619445801e-01
-5.754842758178710938e-01 -5.381779670715332031e-01
-3.711555302143096924e-01 -2.933127880096435547e-01
3.753417134284973145e-01 4.810964688658714294e-02
-4.317758083343505859e-01 -3.738542497158050537e-01
5.415914654731750488e-01 6.201325058937072754e-01
-3.585886359214782715e-01 -4.060384333133697510e-01
-6.208325028419494629e-01 -5.952703356742858887e-01
-1.062204241752624512e+00 -1.007990002632141113e+00
-3.401720821857452393e-01 -4.393961429595947266e-01
-1.870471090078353882e-01 -1.871997676789760590e-02
-9.818014502525329590e-01 -9.998711347579956055e-01
7.164300084114074707e-01 7.631940245628356934e-01
-1.409742832183837891e-01 9.541635401546955109e-03
-1.218094453215599060e-01 -1.226418390870094299e-01
-1.033917307853698730e+00 -9.705514311790466309e-01
8.788337111473083496e-01 1.009639859199523926e+00
3.491280376911163330e-01 3.562702834606170654e-01
1.280154943466186523e+00 1.319368004798889160e+00
2.943849861621856689e-01 2.680879533290863037e-01
9.706148505210876465e-01 8.872596025466918945e-01
-1.266533434391021729e-01 -2.306305319070816040e-01
-7.940043807029724121e-01 -8.914245367050170898e-01
-2.974683046340942383e-01 -2.480387538671493530e-01
-4.861841499805450439e-01 -4.314769804477691650e-01
-4.477235972881317139e-01 -2.879742980003356934e-01
-2.357480078935623169e-01 -2.789617478847503662e-01
7.635334730148315430e-01 7.772195339202880859e-01
7.841452956199645996e-01 7.290236353874206543e-01
-8.890897780656814575e-02 -1.630400270223617554e-01
1.314954757690429688e-01 2.527346909046173096e-01
-1.105807900428771973e+00 -1.044776320457458496e+00
-1.211910694837570190e-01 -2.155618518590927124e-01
-1.092752456665039062e+00 -1.104019761085510254e+00
-5.997914075851440430e-01 -5.443570613861083984e-01
8.377032876014709473e-01 1.107783794403076172e+00
5.978800654411315918e-01 6.037948131561279297e-01
-3.876562416553497314e-01 -3.780334591865539551e-01
-5.660106539726257324e-01 -5.701360106468200684e-01
6.962078809738159180e-01 7.604151964187622070e-01
-5.837384462356567383e-01 -6.455112099647521973e-01
-3.927925229072570801e-01 -4.128913879394531250e-01
1.814192533493041992e-01 2.340900897979736328e-01
-1.026781678199768066e+00 -9.714561700820922852e-01
3.466459512710571289e-01 2.850836217403411865e-01
-7.862473726272583008e-01 -8.028457760810852051e-01
-3.802535235881805420e-01 -2.553345561027526855e-01
-4.093477725982666016e-01 -3.808322846889495850e-01
-1.055700063705444336e+00 -9.723681211471557617e-01
-6.002901792526245117e-01 -6.448640227317810059e-01
-1.022026911377906799e-01 -1.408491432666778564e-01
-4.990907907485961914e-01 -4.169254601001739502e-01
7.460527420043945312e-01 7.833566665649414062e-01
-3.293540775775909424e-01 -2.841731011867523193e-01
-6.701307892799377441e-01 -5.568501949310302734e-01
7.176405191421508789e-01 7.848165035247802734e-01
5.598714947700500488e-01 6.362984776496887207e-01
-3.529425337910652161e-02 1.617674678564071655e-01
1.363486200571060181e-01 3.258015587925910950e-02
-6.599582433700561523e-01 -6.923056840896606445e-01
1.306656360626220703e+00 1.337808847427368164e+00
-6.701292842626571655e-02 -5.891072005033493042e-02
-4.217884242534637451e-01 -4.093049466609954834e-01
5.962708219885826111e-02 1.839581578969955444e-01
1.647872477769851685e-01 1.318266391754150391e-01
-6.918110847473144531e-01 -7.042716741561889648e-01
-9.257277250289916992e-01 -8.431199193000793457e-01
1.380157321691513062e-01 3.047386109828948975e-01
1.285541296005249023e+00 1.377202510833740234e+00
-3.914763033390045166e-01 -3.235401213169097900e-01
-5.756862163543701172e-01 -5.196837186813354492e-01
-2.068454325199127197e-01 -1.952936351299285889e-01
3.734014034271240234e-01 3.877857923507690430e-01
-3.241198360919952393e-01 -1.848983615636825562e-01
-9.736778736114501953e-01 -9.642803668975830078e-01
-1.879146099090576172e-01 -1.763319373130798340e-01
-3.016521930694580078e-01 -3.196151256561279297e-01
-1.837873160839080811e-01 -9.524656087160110474e-02
9.331450462341308594e-01 9.633898138999938965e-01
3.065189719200134277e-01 3.111121356487274170e-01
2.551620900630950928e-01 1.972987316548824310e-02
-3.313749134540557861e-01 -3.558709621429443359e-01
-4.564697444438934326e-01 -3.718020021915435791e-01
8.467381000518798828e-01 8.986084461212158203e-01
-8.209668993949890137e-01 -9.110673069953918457e-01
-8.413226604461669922e-01 -7.842710614204406738e-01
-8.804545402526855469e-01 -7.973629832267761230e-01
-7.244135737419128418e-01 -7.868213057518005371e-01
9.310440421104431152e-01 1.043901920318603516e+00
-1.032030940055847168e+00 -8.477526903152465820e-01
-2.482497245073318481e-01 -2.072080522775650024e-01
1.000252127647399902e+00 9.618954062461853027e-01
5.991198495030403137e-02 -1.434241086244583130e-01
-2.574305832386016846e-01 -3.897015452384948730e-01
-4.822370111942291260e-01 -6.347848773002624512e-01
-2.044298797845840454e-01 -2.429244220256805420e-01
9.349790811538696289e-01 9.980223774909973145e-01
-4.190003573894500732e-01 -5.525863170623779297e-01
-7.685483694076538086e-01 -7.576745152473449707e-01
-2.514484226703643799e-01 -2.777667343616485596e-01
-1.245767101645469666e-01 -8.622995018959045410e-02
-6.979978829622268677e-02 -1.269139647483825684e-01
3.691066503524780273e-01 5.386975407600402832e-01
1.739268600940704346e-01 1.402128934860229492e-01
-1.101049542427062988e+00 -9.563794732093811035e-01
2.203402370214462280e-01 2.776473462581634521e-01
1.239640414714813232e-01 -1.541463881731033325e-01
-2.063885480165481567e-01 -1.764192134141921997e-01
3.867602944374084473e-01 3.627324998378753662e-01
-5.506329536437988281e-01 -2.126940488815307617e-01
4.417749047279357910e-01 4.376818239688873291e-01
2.850120365619659424e-01 4.204228818416595459e-01
3.893363848328590393e-02 1.387023627758026123e-01
7.650457620620727539e-01 7.606964111328125000e-01
-1.213203221559524536e-01 -6.371183693408966064e-02
-8.943591117858886719e-01 -8.405420184135437012e-01
-3.555578291416168213e-01 -2.812825441360473633e-01
-9.631373882293701172e-01 -1.010502338409423828e+00
-9.860952496528625488e-01 -9.377377033233642578e-01
9.478655457496643066e-01 1.042303204536437988e+00
-2.444198578596115112e-01 -1.723873615264892578e-01
-3.414551019668579102e-01 -3.839511573314666748e-01
-2.940410375595092773e-01 -1.929414272308349609e-01
-3.262753784656524658e-02 -4.878342524170875549e-02
5.229415893554687500e-01 5.388212800025939941e-01
-7.641575932502746582e-01 -6.887763142585754395e-01
1.814782917499542236e-01 1.381985396146774292e-01
-3.568645119667053223e-01 -4.021486341953277588e-01
-6.615581512451171875e-01 -5.230693221092224121e-01
6.932095885276794434e-01 7.540402412414550781e-01
-9.847930669784545898e-01 -9.118922948837280273e-01
-4.207137227058410645e-01 -1.210195347666740417e-01
-7.711023092269897461e-01 -8.268566727638244629e-01
-2.763099670410156250e-01 -1.803698241710662842e-01
-3.705628514289855957e-01 -2.255347371101379395e-01
-9.522086381912231445e-01 -8.722676634788513184e-01
6.469486355781555176e-01 5.935707092285156250e-01
-8.877547979354858398e-01 -9.281466007232666016e-01
-4.944142401218414307e-01 -4.865690171718597412e-01
-4.681217968463897705e-01 -7.208451032638549805e-01
-9.345672130584716797e-01 -9.304581880569458008e-01
-4.183871448040008545e-01 -4.769769608974456787e-01
-4.202187359333038330e-01 -5.849302411079406738e-01
-6.674115657806396484e-01 -5.536953210830688477e-01
2.739397287368774414e-01 2.991897463798522949e-01
-4.359602332115173340e-01 -5.145633816719055176e-01
6.252900958061218262e-01 7.791467308998107910e-01
-6.386540532112121582e-01 -5.520298480987548828e-01
6.804821491241455078e-01 6.490448117256164551e-01
7.138729840517044067e-02 2.491995096206665039e-01
-8.935333788394927979e-02 -1.643151044845581055e-01
-2.310072332620620728e-01 -2.626094818115234375e-01
-6.615913510322570801e-01 -5.132688879966735840e-01
5.211796164512634277e-01 5.525926947593688965e-01
7.627097964286804199e-01 8.200798630714416504e-01
-1.001560688018798828e+00 -1.060207724571228027e+00
-1.456482559442520142e-01 -1.100242435932159424e-01
3.749002456665039062e+00 2.158934116363525391e+00
-4.905503690242767334e-01 -5.177360773086547852e-01
-2.064767181873321533e-01 -1.884592473506927490e-01
-7.587330937385559082e-01 -7.767394185066223145e-01
-9.905738234519958496e-01 -1.004738450050354004e+00
-2.589216232299804688e-01 -4.896974861621856689e-01
