1.636338591575622559e+00 1.644909143447875977e+00
6.407533884048461914e-01 9.547517895698547363e-01
9.348503351211547852e-01 1.066016435623168945e+00
1.750917673110961914e+00 1.649930715560913086e+00
6.870967149734497070e-01 8.806334137916564941e-01
9.962532520294189453e-01 8.150218725204467773e-01
1.862460494041442871e+00 1.815317392349243164e+00
1.933689236640930176e+00 2.157657623291015625e+00
1.912859439849853516e+00 1.650884389877319336e+00
9.344372749328613281e-01 8.444409966468811035e-01
1.973566174507141113e+00 9.566200375556945801e-01
2.010873317718505859e+00 2.113299608230590820e+00
1.127081274986267090e+00 1.089438438415527344e+00
9.968207478523254395e-01 1.080969572067260742e+00
1.095893502235412598e+00 9.917490482330322266e-01
1.489788889884948730e+00 1.498164415359497070e+00
1.082961916923522949e+00 9.741869568824768066e-01
1.539451241493225098e+00 1.619039535522460938e+00
1.086203694343566895e+00 1.251976728439331055e+00
4.250200390815734863e-01 8.154937624931335449e-01
1.106388092041015625e+00 1.084031820297241211e+00
7.592009902000427246e-01 8.364999890327453613e-01
1.406255960464477539e+00 1.159709453582763672e+00
7.849810719490051270e-01 9.041954874992370605e-01
1.521927833557128906e+00 1.576835155487060547e+00
1.655371785163879395e+00 1.647440671920776367e+00
1.597225069999694824e+00 1.578259468078613281e+00
1.767614245414733887e+00 1.785752296447753906e+00
1.755701184272766113e+00 1.852486610412597656e+00
1.272085309028625488e+00 1.207338809967041016e+00
9.592438936233520508e-01 9.157570004463195801e-01
9.492951035499572754e-01 1.077763319015502930e+00
5.685849785804748535e-01 7.414698004722595215e-01
2.347284555435180664e+00 1.525050640106201172e+00
1.931607604026794434e+00 2.048615694046020508e+00
2.494765520095825195e-01 7.240371704101562500e-01
2.432321786880493164e+00 2.635036230087280273e+00
9.568084478378295898e-01 1.015177011489868164e+00
1.104759573936462402e+00 1.015177011489868164e+00
1.544433951377868652e+00 1.695883750915527344e+00
1.408628940582275391e+00 9.937655329704284668e-01
1.330959558486938477e+00 1.434153079986572266e+00
2.667960405349731445e+00 2.808719873428344727e+00
1.369991421699523926e+00 1.528750658035278320e+00
1.006757497787475586e+00 7.698225378990173340e-01
1.974418878555297852e+00 1.493678808212280273e+00
7.571530938148498535e-01 8.382245898246765137e-01
1.362445116043090820e+00 1.571228981018066406e+00
6.556026339530944824e-01 6.310101151466369629e-01
6.238888502120971680e-01 6.310101151466369629e-01
1.493852496147155762e+00 1.517812490463256836e+00
2.805573701858520508e+00 2.889062166213989258e+00
3.447000026702880859e+00 3.528304338455200195e+00
1.950473666191101074e+00 2.039448022842407227e+00
1.513040184974670410e+00 1.399965763092041016e+00
1.519729614257812500e+00 1.448020219802856445e+00
1.404108643531799316e+00 1.448020219802856445e+00
1.448881506919860840e+00 1.340587377548217773e+00
1.385111689567565918e+00 1.287424802780151367e+00
1.870950222015380859e+00 2.039708614349365234e+00
1.351493954658508301e+00 1.252492189407348633e+00
1.812333226203918457e+00 1.912667512893676758e+00
1.367523312568664551e+00 1.409003734588623047e+00
2.181877374649047852e+00 2.192687511444091797e+00
1.754552125930786133e+00 1.546298742294311523e+00
2.799443483352661133e+00 3.059051275253295898e+00
9.197683334350585938e-01 9.936189055442810059e-01
1.172317266464233398e+00 1.299169778823852539e+00
1.303769350051879883e+00 1.129805803298950195e+00
1.245918154716491699e+00 1.356035232543945312e+00
1.745358109474182129e+00 1.815758466720581055e+00
1.579611063003540039e+00 1.576102495193481445e+00
9.144713282585144043e-01 9.637735486030578613e-01
1.889582276344299316e+00 1.576102495193481445e+00
1.159320235252380371e+00 1.195913791656494141e+00
1.385415911674499512e+00 1.373862504959106445e+00
1.487893581390380859e+00 1.485750675201416016e+00
7.887763977050781250e-01 9.850845932960510254e-01
1.024148225784301758e+00 1.104779958724975586e+00
9.310454130172729492e-01 1.001303434371948242e+00
2.036413192749023438e+00 2.216513872146606445e+00
1.873100519180297852e+00 1.496556043624877930e+00
2.531848430633544922e+00 2.554114818572998047e+00
1.672405958175659180e+00 1.815454483032226562e+00
1.938837885856628418e+00 2.011618852615356445e+00
2.546027898788452148e+00 2.544356584548950195e+00
1.191936135292053223e+00 1.181299448013305664e+00
1.868297338485717773e+00 1.934699773788452148e+00
1.144240856170654297e+00 1.116550207138061523e+00
3.738664627075195312e+00 3.756947994232177734e+00
2.999907016754150391e+00 2.240549325942993164e+00
1.352319240570068359e+00 1.443174123764038086e+00
1.826535820960998535e+00 1.821991920471191406e+00
1.254541993141174316e+00 1.384092569351196289e+00
1.686436891555786133e+00 1.712691545486450195e+00
1.807284116744995117e+00 1.662665367126464844e+00
2.697515249252319336e+00 2.812894105911254883e+00
1.192701220512390137e+00 1.042862415313720703e+00
1.709904074668884277e+00 1.896101713180541992e+00
2.264730930328369141e+00 2.502749919891357422e+00
2.702886343002319336e+00 2.873454332351684570e+00
1.922042846679687500e+00 1.728231430053710938e+00
1.769987702369689941e+00 1.596468448638916016e+00
3.626521587371826172e+00 3.933239459991455078e+00
1.403802514076232910e+00 1.392251968383789062e+00
1.834961295127868652e+00 1.730834484100341797e+00
2.189415454864501953e+00 2.151859521865844727e+00
2.975695371627807617e+00 2.983665704727172852e+00
2.609817504882812500e+00 2.933163404464721680e+00
2.985302925109863281e+00 3.143275260925292969e+00
1.753799796104431152e+00 1.755742788314819336e+00
2.012173891067504883e+00 2.140557050704956055e+00
1.801925778388977051e+00 1.697772026062011719e+00
3.411576986312866211e+00 3.830272436141967773e+00
2.116943836212158203e+00 2.315255880355834961e+00
2.042457580566406250e+00 1.986379384994506836e+00
1.467198848724365234e+00 1.405316829681396484e+00
7.364702820777893066e-01 9.094312787055969238e-01
2.604700565338134766e+00 2.245337963104248047e+00
2.527706384658813477e+00 2.601110696792602539e+00
3.027127027511596680e+00 3.009279489517211914e+00
2.846755743026733398e+00 2.543558359146118164e+00
2.319001674652099609e+00 2.410494327545166016e+00
3.054856300354003906e+00 2.949833631515502930e+00
2.392936468124389648e+00 2.410987615585327148e+00
1.152999162673950195e+00 1.223489761352539062e+00
3.999006032943725586e+00 3.390223026275634766e+00
1.702969193458557129e+00 1.675318717956542969e+00
2.321439504623413086e+00 2.334326267242431641e+00
1.741309523582458496e+00 1.700345516204833984e+00
2.382238864898681641e+00 2.477911472320556641e+00
2.048966169357299805e+00 1.955053806304931641e+00
1.886792063713073730e+00 1.846738338470458984e+00
2.647177934646606445e+00 2.284840822219848633e+00
3.006477355957031250e+00 2.981923341751098633e+00
2.914853572845458984e+00 2.741518497467041016e+00
3.000273942947387695e+00 3.150096178054809570e+00
1.139984011650085449e+00 1.012074232101440430e+00
9.659492969512939453e-01 1.021121501922607422e+00
1.666300654411315918e+00 1.682155609130859375e+00
1.045472383499145508e+00 7.527856230735778809e-01
7.677746415138244629e-01 8.604815602302551270e-01
8.014284372329711914e-01 9.079363942146301270e-01
8.781195282936096191e-01 9.703935980796813965e-01
2.059102535247802734e+00 2.172009468078613281e+00
1.569673061370849609e+00 1.560662269592285156e+00
1.783517122268676758e+00 1.796346187591552734e+00
2.495722293853759766e+00 2.543435573577880859e+00
2.097691535949707031e+00 2.297157049179077148e+00
2.230268239974975586e+00 2.415321350097656250e+00
2.843724012374877930e+00 3.045446634292602539e+00
3.474899053573608398e+00 3.790027379989624023e+00
1.698932647705078125e+00 2.031016588211059570e+00
1.722659945487976074e+00 1.828317642211914062e+00
1.973541498184204102e+00 2.023180484771728516e+00
1.135157346725463867e+00 1.277146339416503906e+00
1.239822506904602051e+00 1.277146339416503906e+00
1.285516500473022461e+00 1.351623773574829102e+00
2.145246028900146484e+00 2.205546140670776367e+00
2.445029735565185547e+00 2.331830263137817383e+00
1.233155369758605957e+00 1.740794420242309570e+00
1.707867860794067383e+00 2.108903646469116211e+00
1.412391185760498047e+00 1.357037544250488281e+00
1.673757076263427734e+00 1.622277259826660156e+00
2.339009284973144531e+00 2.232653856277465820e+00
8.799967169761657715e-01 8.444456458091735840e-01
1.906656622886657715e+00 2.071223497390747070e+00
1.320846199989318848e+00 1.366631031036376953e+00
1.247376561164855957e+00 1.303117990493774414e+00
3.862831115722656250e+00 3.784130334854125977e+00
1.787125706672668457e+00 1.867841720581054688e+00
1.891661763191223145e+00 2.007726430892944336e+00
1.723583459854125977e+00 2.094998121261596680e+00
1.827553987503051758e+00 1.742021560668945312e+00
2.685718059539794922e+00 2.078875780105590820e+00
1.979438781738281250e+00 1.902587413787841797e+00
2.108527898788452148e+00 2.203407526016235352e+00
2.583845615386962891e+00 2.545755624771118164e+00
2.963122129440307617e+00 3.065371751785278320e+00
1.578589081764221191e+00 1.469886302947998047e+00
1.186634659767150879e+00 1.340943574905395508e+00
2.874240875244140625e+00 3.145993947982788086e+00
2.125746250152587891e+00 2.119187116622924805e+00
1.921866655349731445e+00 2.067724466323852539e+00
2.204085350036621094e+00 2.342630147933959961e+00
1.447269320487976074e+00 1.545693635940551758e+00
1.446170806884765625e+00 1.508665084838867188e+00
1.998378396034240723e+00 1.729723930358886719e+00
2.116818428039550781e+00 2.364775657653808594e+00
1.156028509140014648e+00 1.180939912796020508e+00
2.653264284133911133e+00 2.359219551086425781e+00
3.269244670867919922e+00 3.234918117523193359e+00
1.068761110305786133e+00 1.376286745071411133e+00
2.255640268325805664e+00 2.069221258163452148e+00
2.796729087829589844e+00 3.017317533493041992e+00
1.495279908180236816e+00 1.669844150543212891e+00
2.724511861801147461e+00 2.817738056182861328e+00
1.743403792381286621e+00 1.601634025573730469e+00
1.521646976470947266e+00 1.379606485366821289e+00
1.616747379302978516e+00 1.449379920959472656e+00
2.795861959457397461e+00 2.571827888488769531e+00
1.430891871452331543e+00 1.638468027114868164e+00
1.878541707992553711e+00 1.664639234542846680e+00
3.214010000228881836e+00 3.015711069107055664e+00
2.239805698394775391e+00 2.391139745712280273e+00
1.430424571037292480e+00 1.477706432342529297e+00
2.319632768630981445e+00 2.319728136062622070e+00
2.918404340744018555e+00 2.895096063613891602e+00
2.601296424865722656e+00 2.810545682907104492e+00
1.368808031082153320e+00 1.465389013290405273e+00
1.976000189781188965e+00 2.094714403152465820e+00
8.643996715545654297e-01 9.176787734031677246e-01
3.238450527191162109e+00 3.317859411239624023e+00
2.045513868331909180e+00 2.367080926895141602e+00
2.294368267059326172e+00 1.945686817169189453e+00
3.600671768188476562e+00 3.687905788421630859e+00
1.237237453460693359e+00 1.358924627304077148e+00
1.289983034133911133e+00 1.378857851028442383e+00
1.746806263923645020e+00 1.776804924011230469e+00
1.628768563270568848e+00 1.643754243850708008e+00
1.914527654647827148e+00 1.953480958938598633e+00
1.302343010902404785e+00 1.382656335830688477e+00
3.182638168334960938e+00 3.169742345809936523e+00
2.219128131866455078e+00 2.364315032958984375e+00
1.665042042732238770e+00 1.678184270858764648e+00
2.536508083343505859e+00 2.568534612655639648e+00
2.811261177062988281e+00 3.173680067062377930e+00
1.102161884307861328e+00 1.037283658981323242e+00
2.489545106887817383e+00 2.504000902175903320e+00
3.286895751953125000e+00 3.101825475692749023e+00
2.563504695892333984e+00 2.569216966629028320e+00
2.388371706008911133e+00 2.253578424453735352e+00
2.526478290557861328e+00 2.632150173187255859e+00
1.980731844902038574e+00 1.998170614242553711e+00
3.302585124969482422e+00 3.300626993179321289e+00
3.021975040435791016e+00 3.401068449020385742e+00
9.166595339775085449e-01 1.043323516845703125e+00
3.082143545150756836e+00 3.335446357727050781e+00
4.467513263225555420e-01 8.391539454460144043e-01
3.109959125518798828e+00 2.900041103363037109e+00
2.566346883773803711e+00 2.338129281997680664e+00
3.554795503616333008e+00 3.230614900588989258e+00
3.148717164993286133e+00 3.163192510604858398e+00
3.690447807312011719e+00 3.631619215011596680e+00
2.787259578704833984e+00 2.491555929183959961e+00
2.730646610260009766e+00 2.736542940139770508e+00
3.212419748306274414e+00 3.192616701126098633e+00
7.982818484306335449e-01 1.009962797164916992e+00
8.390732407569885254e-01 8.159105181694030762e-01
1.215901255607604980e+00 1.365621566772460938e+00
2.084057331085205078e+00 2.498685598373413086e+00
1.234277367591857910e+00 1.099547147750854492e+00
2.351453542709350586e+00 2.284983396530151367e+00
2.164118766784667969e+00 2.241169214248657227e+00
1.511833071708679199e+00 1.569556951522827148e+00
2.598730087280273438e+00 2.240303277969360352e+00
2.433526277542114258e+00 2.379171133041381836e+00
2.069590330123901367e+00 2.203168630599975586e+00
2.365237951278686523e+00 2.263182401657104492e+00
1.168745994567871094e+00 1.327252388000488281e+00
2.051209211349487305e+00 1.973869323730468750e+00
1.755552172660827637e+00 1.694583892822265625e+00
1.790029168128967285e+00 1.713280200958251953e+00
1.617580771446228027e+00 1.759395360946655273e+00
1.461574077606201172e+00 1.496416091918945312e+00
1.705140471458435059e+00 1.599220275878906250e+00
1.434628248214721680e+00 1.583464622497558594e+00
2.617023468017578125e+00 2.689425230026245117e+00
2.723603010177612305e+00 2.665252447128295898e+00
1.686739087104797363e+00 1.592105627059936523e+00
2.264159440994262695e+00 2.310899972915649414e+00
3.115267038345336914e+00 2.996011972427368164e+00
2.414867639541625977e+00 2.648056268692016602e+00
2.180526733398437500e+00 2.397145748138427734e+00
3.506207704544067383e+00 3.524954080581665039e+00
2.519257068634033203e+00 3.010973691940307617e+00
2.992480993270874023e+00 2.953531265258789062e+00
2.684618473052978516e+00 2.779067993164062500e+00
3.040090560913085938e+00 3.274756193161010742e+00
2.209547281265258789e+00 2.801967382431030273e+00
3.014935970306396484e+00 3.149140834808349609e+00
2.223354339599609375e+00 2.360169410705566406e+00
1.648289084434509277e+00 1.653762578964233398e+00
5.280826091766357422e-01 7.579257488250732422e-01
1.730613231658935547e+00 1.650034904479980469e+00
2.134804964065551758e+00 1.883048534393310547e+00
3.387728929519653320e+00 3.607028961181640625e+00
9.439113140106201172e-01 7.789421081542968750e-01
1.913285851478576660e+00 1.612375497817993164e+00
2.095711469650268555e+00 1.980598568916320801e+00
1.030477643013000488e+00 1.213540554046630859e+00
9.276115894317626953e-01 7.582123279571533203e-01
2.890727519989013672e+00 3.081707954406738281e+00
1.181031227111816406e+00 1.214607477188110352e+00
1.230850815773010254e+00 1.110781669616699219e+00
1.693846702575683594e+00 1.665450453758239746e+00
1.439008951187133789e+00 1.463489651679992676e+00
9.401018619537353516e-01 1.048176527023315430e+00
8.676707744598388672e-01 8.363226652145385742e-01
2.092327594757080078e+00 2.016551494598388672e+00
2.040845155715942383e+00 1.956915140151977539e+00
9.047228693962097168e-01 9.019423723220825195e-01
1.582797527313232422e+00 1.681402206420898438e+00
9.232184290885925293e-01 8.363451957702636719e-01
7.829199433326721191e-01 6.424142718315124512e-01
7.316967248916625977e-01 9.920561909675598145e-01
9.320495128631591797e-01 8.988167643547058105e-01
9.419175386428833008e-01 1.058588862419128418e+00
2.130896329879760742e+00 2.263156414031982422e+00
1.324370980262756348e+00 1.078786730766296387e+00
7.768915295600891113e-01 8.575825691223144531e-01
9.991886615753173828e-01 9.747692942619323730e-01
1.008345842361450195e+00 1.025793790817260742e+00
9.052556753158569336e-01 8.435584306716918945e-01
1.425217032432556152e+00 1.343912124633789062e+00
2.390554666519165039e+00 2.033396720886230469e+00
1.355376720428466797e+00 1.320189952850341797e+00
2.996543347835540771e-01 4.664427042007446289e-01
1.286699533462524414e+00 1.175258398056030273e+00
1.013289332389831543e+00 1.011636257171630859e+00
8.048722147941589355e-01 8.511039018630981445e-01
7.482451796531677246e-01 1.019180297851562500e+00
9.656759500503540039e-01 1.005956172943115234e+00
1.798902511596679688e+00 1.735735416412353516e+00
8.818501830101013184e-01 9.672030210494995117e-01
3.173539638519287109e+00 3.367397069931030273e+00
1.528787970542907715e+00 1.646511435508728027e+00
1.556781888008117676e+00 1.492706537246704102e+00
8.656594157218933105e-01 6.901962161064147949e-01
1.668088674545288086e+00 1.520440936088562012e+00
1.797401785850524902e+00 1.919217348098754883e+00
7.043716907501220703e-01 7.903693318367004395e-01
1.045495033264160156e+00 1.030573964118957520e+00
7.713112831115722656e-01 6.876615285873413086e-01
1.720224857330322266e+00 1.715921521186828613e+00
7.432543039321899414e-01 7.080577611923217773e-01
1.023009419441223145e+00 9.040865898132324219e-01
1.260580420494079590e+00 1.078106880187988281e+00
1.120840430259704590e+00 1.127641081809997559e+00
1.044237852096557617e+00 1.127641081809997559e+00
9.365204572677612305e-01 9.432848095893859863e-01
1.416417121887207031e+00 1.165720701217651367e+00
1.060950398445129395e+00 1.219649553298950195e+00
8.691961169242858887e-01 9.260699152946472168e-01
2.785833835601806641e+00 2.954921007156372070e+00
9.778510332107543945e-01 1.185301661491394043e+00
1.667577266693115234e+00 1.728516340255737305e+00
9.176558852195739746e-01 8.779960274696350098e-01
1.667279720306396484e+00 1.473421692848205566e+00
1.151577472686767578e+00 1.199106335639953613e+00
1.599803924560546875e+00 1.585943222045898438e+00
1.059572458267211914e+00 1.122775077819824219e+00
1.309132933616638184e+00 1.325774669647216797e+00
1.447082400321960449e+00 1.420046448707580566e+00
1.964643716812133789e+00 1.946180224418640137e+00
1.360943913459777832e+00 1.281463265419006348e+00
1.239788889884948730e+00 1.223027706146240234e+00
1.360738396644592285e+00 1.291346788406372070e+00
1.258427977561950684e+00 1.291346788406372070e+00
1.030722141265869141e+00 1.025922417640686035e+00
1.238880515098571777e+00 1.329260110855102539e+00
1.235314607620239258e+00 1.198099136352539062e+00
1.789164781570434570e+00 2.062381744384765625e+00
1.701333999633789062e+00 1.816599130630493164e+00
1.800625681877136230e+00 1.871103286743164062e+00
1.577006220817565918e+00 1.385852336883544922e+00
8.664409518241882324e-01 1.189475059509277344e+00
1.836138844490051270e+00 1.863238334655761719e+00
8.970326781272888184e-01 1.101826071739196777e+00
1.261006116867065430e+00 1.273172855377197266e+00
1.960699081420898438e+00 1.994361639022827148e+00
1.289026260375976562e+00 1.434421539306640625e+00
1.543277859687805176e+00 1.512179493904113770e+00
2.426594495773315430e+00 2.764162540435791016e+00
2.269742250442504883e+00 2.114102840423583984e+00
2.101090431213378906e+00 2.311871290206909180e+00
1.506761074066162109e+00 1.577339887619018555e+00
2.301075220108032227e+00 2.393767833709716797e+00
1.375790715217590332e+00 1.501653432846069336e+00
3.350562572479248047e+00 3.468089103698730469e+00
2.086307764053344727e+00 2.101517915725708008e+00
1.945896863937377930e+00 1.718789339065551758e+00
1.282986998558044434e+00 1.449229001998901367e+00
1.517059326171875000e+00 1.454785704612731934e+00
2.219270706176757812e+00 2.054657220840454102e+00
1.800180315971374512e+00 1.683410882949829102e+00
1.270740032196044922e+00 1.292004227638244629e+00
2.027075052261352539e+00 2.225110292434692383e+00
1.432244896888732910e+00 1.299756288528442383e+00
1.414735436439514160e+00 1.818742275238037109e+00
1.266083598136901855e+00 1.505750179290771484e+00
2.205336093902587891e+00 2.169694900512695312e+00
2.609478712081909180e+00 2.630601882934570312e+00
3.094134807586669922e+00 3.050434112548828125e+00
2.981444120407104492e+00 2.808651924133300781e+00
2.594036102294921875e+00 2.664346694946289062e+00
1.833858251571655273e+00 1.754979372024536133e+00
3.348104000091552734e+00 3.168548107147216797e+00
3.243496179580688477e+00 3.404345989227294922e+00
1.982424736022949219e+00 2.276351451873779297e+00
2.072010993957519531e+00 2.080870151519775391e+00
1.886706829071044922e+00 2.032649517059326172e+00
2.466244697570800781e+00 2.294543743133544922e+00
2.424691915512084961e+00 2.234837532043457031e+00
2.494134187698364258e+00 2.475182533264160156e+00
2.596104860305786133e+00 2.358140945434570312e+00
2.124906539916992188e+00 2.387835741043090820e+00
1.546090722084045410e+00 1.700157761573791504e+00
1.271296024322509766e+00 1.420299172401428223e+00
1.478056788444519043e+00 1.477460861206054688e+00
2.443999052047729492e+00 1.806013584136962891e+00
2.408786058425903320e+00 2.305036067962646484e+00
1.707626819610595703e+00 2.077994585037231445e+00
7.347435355186462402e-01 1.414779663085937500e+00
1.414656996726989746e+00 1.633788466453552246e+00
2.706520557403564453e+00 2.778267860412597656e+00
2.546970367431640625e+00 2.562511920928955078e+00
3.332274198532104492e+00 3.354813814163208008e+00
2.128094911575317383e+00 2.367666244506835938e+00
8.315963745117187500e-01 1.053840160369873047e+00
2.246917247772216797e+00 2.084442853927612305e+00
2.189497947692871094e+00 2.095634937286376953e+00
1.668625831604003906e+00 1.776900768280029297e+00
2.656311511993408203e+00 1.958457231521606445e+00
2.798775196075439453e+00 2.907708644866943359e+00
3.517502546310424805e+00 3.681921005249023438e+00
2.218958854675292969e+00 1.940567493438720703e+00
1.953556537628173828e+00 2.084022521972656250e+00
2.610450744628906250e+00 2.616982936859130859e+00
1.966231465339660645e+00 1.961052179336547852e+00
2.079969406127929688e+00 2.041733026504516602e+00
1.920985341072082520e+00 1.791303157806396484e+00
1.099068760871887207e+00 1.068902254104614258e+00
3.030792474746704102e+00 3.132337331771850586e+00
2.274418354034423828e+00 2.209896564483642578e+00
3.378112554550170898e+00 3.567071676254272461e+00
1.652085661888122559e+00 1.492380380630493164e+00
2.051680326461791992e+00 1.734005689620971680e+00
1.729937434196472168e+00 1.734005689620971680e+00
3.259096860885620117e+00 3.253671646118164062e+00
1.244053602218627930e+00 1.255507826805114746e+00
2.202503204345703125e+00 2.094769239425659180e+00
2.059297323226928711e+00 1.961085200309753418e+00
1.188353538513183594e+00 1.394071817398071289e+00
1.727450489997863770e+00 1.767748832702636719e+00
1.944418311119079590e+00 1.753042459487915039e+00
1.842643260955810547e+00 1.966321468353271484e+00
2.560104846954345703e+00 2.714177131652832031e+00
3.425671100616455078e+00 3.618349552154541016e+00
2.043580770492553711e+00 2.037604093551635742e+00
1.274432659149169922e+00 1.305747389793395996e+00
1.766641497611999512e+00 1.591799497604370117e+00
1.146975040435791016e+00 8.558001518249511719e-01
8.419702649116516113e-01 9.258530139923095703e-01
3.684479236602783203e+00 3.752976894378662109e+00
2.021446943283081055e+00 2.157487869262695312e+00
1.642573237419128418e+00 1.715452194213867188e+00
2.751691579818725586e+00 2.618096113204956055e+00
3.224934577941894531e+00 3.287269592285156250e+00
2.185785531997680664e+00 2.205656051635742188e+00
3.132719516754150391e+00 2.901575565338134766e+00
2.543747663497924805e+00 2.686077356338500977e+00
2.354823112487792969e+00 2.278094291687011719e+00
1.520231723785400391e+00 1.569391250610351562e+00
2.895914316177368164e+00 3.004249095916748047e+00
1.773573756217956543e+00 1.922016739845275879e+00
2.233872264623641968e-01 5.961809158325195312e-01
2.073512822389602661e-01 1.212441772222518921e-01
1.679626703262329102e-01 1.265208423137664795e-01
1.748305201530456543e+00 1.513477087020874023e+00
1.601648516952991486e-02 -7.024239748716354370e-02
2.124048948287963867e+00 2.221849203109741211e+00
1.212271451950073242e+00 1.366146683692932129e+00
2.889221668243408203e+00 2.832218170166015625e+00
6.867217421531677246e-01 7.272483110427856445e-01
1.379811286926269531e+00 1.421244621276855469e+00
1.065886616706848145e+00 9.942342638969421387e-01
1.421409845352172852e+00 1.551827907562255859e+00
3.832625865936279297e+00 3.612055063247680664e+00
1.935575723648071289e+00 1.932283997535705566e+00
3.116909980773925781e+00 3.121861934661865234e+00
2.794795751571655273e+00 2.946319103240966797e+00
1.596476435661315918e+00 1.554373264312744141e+00
1.427193641662597656e+00 1.432358145713806152e+00
1.538967847824096680e+00 1.503894686698913574e+00
8.586775064468383789e-01 8.988655805587768555e-01
1.765342831611633301e+00 1.600709915161132812e+00
1.026332497596740723e+00 1.120787382125854492e+00
3.748039245605468750e+00 3.702260732650756836e+00
3.187143087387084961e+00 3.130607366561889648e+00
2.513351678848266602e+00 2.557673692703247070e+00
3.010350227355957031e+00 3.165494918823242188e+00
3.532802581787109375e+00 3.760612964630126953e+00
3.774914026260375977e+00 3.690469741821289062e+00
3.160040855407714844e+00 3.167177677154541016e+00
1.486598014831542969e+00 1.455873966217041016e+00
2.181652784347534180e+00 2.162656784057617188e+00
1.490695714950561523e+00 1.393058538436889648e+00
8.122321963310241699e-01 8.435615897178649902e-01
2.216514348983764648e+00 2.241319656372070312e+00
2.331340551376342773e+00 2.651407241821289062e+00
1.042780518531799316e+00 1.263141870498657227e+00
2.008567571640014648e+00 1.988774776458740234e+00
9.490680098533630371e-01 9.563633203506469727e-01
1.748769640922546387e+00 1.762830257415771484e+00
1.411349058151245117e+00 1.572887420654296875e+00
1.526118040084838867e+00 1.501587629318237305e+00
2.132114171981811523e+00 2.094079017639160156e+00
1.627935767173767090e+00 1.726130008697509766e+00
2.254909753799438477e+00 2.225002765655517578e+00
8.144237995147705078e-01 9.142053127288818359e-01
1.475671529769897461e+00 1.392788887023925781e+00
1.267294406890869141e+00 1.344834923744201660e+00
1.677959680557250977e+00 1.706399917602539062e+00
1.032774209976196289e+00 1.218726396560668945e+00
1.144078373908996582e+00 1.347466588020324707e+00
3.399843215942382812e+00 2.986886024475097656e+00
2.538794994354248047e+00 2.582553863525390625e+00
1.819382667541503906e+00 1.911952495574951172e+00
3.316771507263183594e+00 3.286448478698730469e+00
2.809568405151367188e+00 2.777746200561523438e+00
3.091076850891113281e+00 3.340082645416259766e+00
1.820479869842529297e+00 1.787812232971191406e+00
3.118714809417724609e+00 3.220683813095092773e+00
3.410858154296875000e+00 3.253095149993896484e+00
3.136981248855590820e+00 2.974545955657958984e+00
1.822012066841125488e+00 1.857918977737426758e+00
1.359865903854370117e+00 1.155707240104675293e+00
1.819268584251403809e+00 1.739091873168945312e+00
1.771730422973632812e+00 1.733602643013000488e+00
2.675759315490722656e+00 2.554102420806884766e+00
2.152276754379272461e+00 2.261187314987182617e+00
1.228014111518859863e+00 1.323085784912109375e+00
1.224521160125732422e+00 1.323085784912109375e+00
2.507977962493896484e+00 2.548903703689575195e+00
1.487315177917480469e+00 1.475224256515502930e+00
2.535159826278686523e+00 2.540668487548828125e+00
1.528944015502929688e+00 1.734418630599975586e+00
1.564475059509277344e+00 1.667817592620849609e+00
1.549280762672424316e+00 1.838426709175109863e+00
1.672530889511108398e+00 1.637956619262695312e+00
1.745381832122802734e+00 1.816573858261108398e+00
1.574606418609619141e+00 1.766078829765319824e+00
1.986318945884704590e+00 2.027480840682983398e+00
2.157920598983764648e+00 1.820420265197753906e+00
1.766839504241943359e+00 2.065661430358886719e+00
2.579930305480957031e+00 2.380329132080078125e+00
2.030634641647338867e+00 1.759439229965209961e+00
1.555983304977416992e+00 1.621609687805175781e+00
1.598077416419982910e+00 1.619335651397705078e+00
2.063796043395996094e+00 2.149794101715087891e+00
2.985642194747924805e+00 3.022382259368896484e+00
2.160879850387573242e+00 2.246938228607177734e+00
2.969655513763427734e+00 3.041381597518920898e+00
3.152094602584838867e+00 3.300727844238281250e+00
2.974366426467895508e+00 2.916625976562500000e+00
2.717603921890258789e+00 2.872600793838500977e+00
2.711421728134155273e+00 2.872600793838500977e+00
2.815265178680419922e+00 2.860335588455200195e+00
3.096264123916625977e+00 3.259464740753173828e+00
9.041879177093505859e-01 9.403457641601562500e-01
1.073006629943847656e+00 9.403229951858520508e-01
1.757855415344238281e+00 1.676582813262939453e+00
1.613493442535400391e+00 1.459549069404602051e+00
3.061830997467041016e+00 3.171594619750976562e+00
8.668988943099975586e-01 9.741016626358032227e-01
1.346459031105041504e+00 1.178037285804748535e+00
1.509078025817871094e+00 1.721039652824401855e+00
1.704223632812500000e+00 1.905945062637329102e+00
4.808540046215057373e-01 7.594208717346191406e-01
1.728497743606567383e+00 1.811004042625427246e+00
1.357139587402343750e+00 1.417555093765258789e+00
1.258781194686889648e+00 1.208082675933837891e+00
1.661515831947326660e+00 1.722610831260681152e+00
9.884790778160095215e-01 9.223644733428955078e-01
1.000355720520019531e+00 1.357736825942993164e+00
1.038805842399597168e+00 7.398155927658081055e-01
1.542178750038146973e+00 1.176341891288757324e+00
1.661919116973876953e+00 1.654043555259704590e+00
1.428621292114257812e+00 1.563818097114562988e+00
1.289068698883056641e+00 1.251338720321655273e+00
7.537905573844909668e-01 8.818222284317016602e-01
8.172656297683715820e-01 8.134440183639526367e-01
1.331538915634155273e+00 1.190361380577087402e+00
1.288717269897460938e+00 1.205109357833862305e+00
9.490236639976501465e-01 1.003236055374145508e+00
1.168426036834716797e+00 1.243245959281921387e+00
1.691477179527282715e+00 1.679649591445922852e+00
1.170945048332214355e+00 1.205458045005798340e+00
1.604503273963928223e+00 1.398415088653564453e+00
1.688286185264587402e+00 1.679986834526062012e+00
2.362944036722183228e-01 4.806759655475616455e-01
3.734773635864257812e+00 3.481891155242919922e+00
9.543530344963073730e-01 8.397601842880249023e-01
1.497026681900024414e+00 1.557965159416198730e+00
5.414266586303710938e-01 5.722194314002990723e-01
3.245917320251464844e+00 3.075733900070190430e+00
5.616241693496704102e-01 7.492351531982421875e-01
8.632926940917968750e-01 9.382936358451843262e-01
2.028837680816650391e+00 2.043097496032714844e+00
1.379790067672729492e+00 1.447530865669250488e+00
1.114872336387634277e+00 1.192427158355712891e+00
1.468772649765014648e+00 1.519360661506652832e+00
7.500373125076293945e-01 1.007534027099609375e+00
1.474711298942565918e+00 1.844951510429382324e+00
1.825540542602539062e+00 1.843869328498840332e+00
1.568100571632385254e+00 1.738327860832214355e+00
1.457422375679016113e+00 1.931404709815979004e+00
1.391720294952392578e+00 1.581611752510070801e+00
1.535287261009216309e+00 1.506955265998840332e+00
1.106608033180236816e+00 1.263630986213684082e+00
9.331285357475280762e-01 9.269965887069702148e-01
6.327273845672607422e-01 7.625594139099121094e-01
1.093549847602844238e+00 9.269965887069702148e-01
7.602765560150146484e-01 7.942892313003540039e-01
1.852069973945617676e+00 1.831319212913513184e+00
1.530987501144409180e+00 1.541474103927612305e+00
1.724548935890197754e+00 1.859252214431762695e+00
1.409034967422485352e+00 1.324934363365173340e+00
1.141297936439514160e+00 1.069054603576660156e+00
1.564498782157897949e+00 1.215861320495605469e+00
1.046837210655212402e+00 1.033830761909484863e+00
1.805858612060546875e+00 1.851349472999572754e+00
1.743778228759765625e+00 1.788084864616394043e+00
1.770766377449035645e+00 2.052708864212036133e+00
1.790913581848144531e+00 1.829650998115539551e+00
1.247013807296752930e+00 1.495792984962463379e+00
1.370355844497680664e+00 1.453190922737121582e+00
1.565958976745605469e+00 1.538639426231384277e+00
1.468263268470764160e+00 1.525016903877258301e+00
8.310876488685607910e-01 9.347303509712219238e-01
9.667457938194274902e-01 9.343093633651733398e-01
1.229816436767578125e+00 1.152800917625427246e+00
1.149654269218444824e+00 1.102495312690734863e+00
1.725958704948425293e+00 1.766501188278198242e+00
1.770164370536804199e+00 1.842439770698547363e+00
1.842418193817138672e+00 1.850622057914733887e+00
1.054771661758422852e+00 1.199600458145141602e+00
1.705762982368469238e+00 1.466797590255737305e+00
1.019358992576599121e+00 1.040057063102722168e+00
9.680391550064086914e-01 1.143531203269958496e+00
2.183168649673461914e+00 2.324852943420410156e+00
1.383828163146972656e+00 1.378911614418029785e+00
1.054808378219604492e+00 1.058743834495544434e+00
1.489536166191101074e+00 1.563789963722229004e+00
1.672899603843688965e+00 1.791371107101440430e+00
1.233807086944580078e+00 1.342688798904418945e+00
2.866150617599487305e+00 2.886161327362060547e+00
3.105617761611938477e+00 3.252240419387817383e+00
2.464058876037597656e+00 2.018275260925292969e+00
2.490988969802856445e+00 2.460071563720703125e+00
3.456258296966552734e+00 3.643517971038818359e+00
1.452626109123229980e+00 1.380714774131774902e+00
1.799409985542297363e+00 1.732489585876464844e+00
1.326475739479064941e+00 1.444170117378234863e+00
2.310497283935546875e+00 2.241878032684326172e+00
1.700679898262023926e+00 1.676889538764953613e+00
2.734421253204345703e+00 2.734014034271240234e+00
1.347952485084533691e+00 1.367565512657165527e+00
1.393487453460693359e+00 1.367562890052795410e+00
2.859339952468872070e+00 2.952457904815673828e+00
2.594755172729492188e+00 2.461491584777832031e+00
-4.695446789264678955e-02 -7.333238422870635986e-02
1.672542452812194824e+00 1.814232468605041504e+00
1.413985192775726318e-01 -7.333055138587951660e-02
2.274457693099975586e+00 2.356559038162231445e+00
7.034059762954711914e-01 7.637209892272949219e-01
3.111424922943115234e+00 2.794369459152221680e+00
2.445431470870971680e+00 2.471664905548095703e+00
2.251918315887451172e+00 2.471408843994140625e+00
2.575419425964355469e+00 2.430596828460693359e+00
3.000045061111450195e+00 2.982286453247070312e+00
3.004557847976684570e+00 2.982286453247070312e+00
3.331574916839599609e+00 3.238062381744384766e+00
3.004822492599487305e+00 2.981692075729370117e+00
1.935505867004394531e+00 1.914590716361999512e+00
1.854944229125976562e+00 1.838624119758605957e+00
2.144535064697265625e+00 2.176702499389648438e+00
2.077369213104248047e+00 1.874227643013000488e+00
2.120583534240722656e+00 2.107137680053710938e+00
3.308793067932128906e+00 3.483016967773437500e+00
2.223054409027099609e+00 2.432396411895751953e+00
2.324049472808837891e+00 2.276109933853149414e+00
2.467890024185180664e+00 2.404610872268676758e+00
2.636530399322509766e+00 2.555719614028930664e+00
2.489104270935058594e+00 2.595490217208862305e+00
3.177278518676757812e+00 3.154145717620849609e+00
2.439745664596557617e+00 2.555719375610351562e+00
2.729123115539550781e+00 2.735673904418945312e+00
2.609914064407348633e+00 2.487422943115234375e+00
1.595586299896240234e+00 1.578016519546508789e+00
1.304026246070861816e+00 1.352557182312011719e+00
1.971668601036071777e+00 2.166805744171142578e+00
2.127641677856445312e+00 2.266626119613647461e+00
2.732800006866455078e+00 2.638165950775146484e+00
2.847613096237182617e+00 3.143952369689941406e+00
1.289874911308288574e+00 1.146085977554321289e+00
1.701092720031738281e+00 1.754366993904113770e+00
3.025338411331176758e+00 2.995514869689941406e+00
2.035241127014160156e+00 1.924249291419982910e+00
2.005715608596801758e+00 1.873547077178955078e+00
2.102210283279418945e+00 1.981246232986450195e+00
2.060759305953979492e+00 2.105832576751708984e+00
2.334928750991821289e+00 2.140947818756103516e+00
2.632161617279052734e+00 2.575765132904052734e+00
1.704337596893310547e+00 1.718385457992553711e+00
1.883691668510437012e+00 1.870969176292419434e+00
2.163993835449218750e+00 2.056016683578491211e+00
2.718164443969726562e+00 2.667407512664794922e+00
1.649859666824340820e+00 1.695461392402648926e+00
1.772177100181579590e+00 1.933659434318542480e+00
1.894639492034912109e+00 1.928119897842407227e+00
1.648787736892700195e+00 1.866547346115112305e+00
1.853507518768310547e+00 2.131067752838134766e+00
2.055063009262084961e+00 2.062217473983764648e+00
1.494320034980773926e+00 1.534257769584655762e+00
3.878322601318359375e+00 3.517967700958251953e+00
2.297509431838989258e+00 1.803759813308715820e+00
1.191695213317871094e+00 1.297172904014587402e+00
1.564439654350280762e+00 1.672233700752258301e+00
1.367756247520446777e+00 1.533149242401123047e+00
1.280461907386779785e+00 1.524796128273010254e+00
1.694309592247009277e+00 1.900051712989807129e+00
2.073478698730468750e+00 2.189805746078491211e+00
1.202502250671386719e+00 1.268075823783874512e+00
1.287073135375976562e+00 1.225143074989318848e+00
1.205273747444152832e+00 1.239434957504272461e+00
1.280887842178344727e+00 1.304194331169128418e+00
1.923173308372497559e+00 1.984471440315246582e+00
9.348379969596862793e-01 1.190066933631896973e+00
2.347408771514892578e+00 2.218196392059326172e+00
1.784801840782165527e+00 1.619128465652465820e+00
1.925906777381896973e+00 1.701956152915954590e+00
2.382441759109497070e+00 2.785553932189941406e+00
3.350514650344848633e+00 3.251941204071044922e+00
2.589408636093139648e+00 2.353163719177246094e+00
2.921221494674682617e+00 3.086827278137207031e+00
1.309612870216369629e+00 1.265885233879089355e+00
2.426027059555053711e+00 2.330133914947509766e+00
2.960808515548706055e+00 3.093070983886718750e+00
1.550849676132202148e+00 1.393772006034851074e+00
1.467696279287338257e-01 5.085543543100357056e-02
2.541065812110900879e-01 1.253451555967330933e-01
1.144671797752380371e+00 1.043347716331481934e+00
2.594701051712036133e+00 2.532178401947021484e+00
1.205404043197631836e+00 1.321335911750793457e+00
3.284570455551147461e+00 3.237099647521972656e+00
1.255081176757812500e+00 1.176919460296630859e+00
3.602123260498046875e+00 3.687184333801269531e+00
6.702999472618103027e-01 9.464903473854064941e-01
2.071576356887817383e+00 2.141462802886962891e+00
1.342079281806945801e+00 1.351628184318542480e+00
1.528718829154968262e+00 1.613471627235412598e+00
1.904979467391967773e+00 1.617147207260131836e+00
2.132617235183715820e+00 2.146638631820678711e+00
1.822251796722412109e+00 1.594853281974792480e+00
2.215829849243164062e+00 2.178280830383300781e+00
1.665943264961242676e+00 1.796118378639221191e+00
2.667074918746948242e+00 2.163846015930175781e+00
2.847042798995971680e+00 2.974088191986083984e+00
1.383498430252075195e+00 1.386268138885498047e+00
1.380423188209533691e+00 1.523251175880432129e+00
1.387925386428833008e+00 1.387651085853576660e+00
2.262885093688964844e+00 2.134426116943359375e+00
1.183602929115295410e+00 1.062405467033386230e+00
1.086026787757873535e+00 1.187649607658386230e+00
2.033972501754760742e+00 2.014853715896606445e+00
1.805400848388671875e+00 1.790407299995422363e+00
2.844335556030273438e+00 2.746610641479492188e+00
2.523942947387695312e+00 2.559124946594238281e+00
1.797954320907592773e+00 1.805173277854919434e+00
1.953604459762573242e+00 1.999247550964355469e+00
1.234794616699218750e+00 1.175170421600341797e+00
1.386459708213806152e+00 1.333431243896484375e+00
1.137191176414489746e+00 1.328378319740295410e+00
2.449172496795654297e+00 2.312574863433837891e+00
1.178218603134155273e+00 1.278709769248962402e+00
1.681269526481628418e+00 1.638427734375000000e+00
2.130246877670288086e+00 2.209654569625854492e+00
1.817376255989074707e+00 1.774607777595520020e+00
1.334523439407348633e+00 1.330564141273498535e+00
1.800739049911499023e+00 1.717289328575134277e+00
2.184218168258666992e+00 2.091769456863403320e+00
1.895756721496582031e+00 1.887314319610595703e+00
1.548107981681823730e+00 1.490748763084411621e+00
1.763923048973083496e+00 1.868465304374694824e+00
1.501202940940856934e+00 1.413598656654357910e+00
1.715686202049255371e+00 1.776805996894836426e+00
1.499098777770996094e+00 1.413598656654357910e+00
3.039925575256347656e+00 3.122831821441650391e+00
1.861525177955627441e+00 1.778856635093688965e+00
1.989657640457153320e+00 1.955723285675048828e+00
1.944505333900451660e+00 1.955723285675048828e+00
2.054085254669189453e+00 2.022686004638671875e+00
2.042838811874389648e+00 2.124066829681396484e+00
2.840357303619384766e+00 3.143639326095581055e+00
1.671228885650634766e+00 1.723638892173767090e+00
1.229470729827880859e+00 1.293112874031066895e+00
2.658547639846801758e+00 2.491660118103027344e+00
1.573384881019592285e+00 1.746785283088684082e+00
3.608454227447509766e+00 3.589684963226318359e+00
2.011017799377441406e+00 1.959330320358276367e+00
2.366677522659301758e+00 2.229839801788330078e+00
1.616517305374145508e+00 1.718065261840820312e+00
2.943094015121459961e+00 2.859451770782470703e+00
1.922925591468811035e+00 2.153470039367675781e+00
2.126944541931152344e+00 2.092710733413696289e+00
2.399505138397216797e+00 2.120784282684326172e+00
3.588646650314331055e+00 3.664739370346069336e+00
3.248116016387939453e+00 3.482478618621826172e+00
1.322504281997680664e+00 1.437249064445495605e+00
2.372502088546752930e+00 2.575516223907470703e+00
1.684970498085021973e+00 1.626199722290039062e+00
1.755318880081176758e+00 1.621921896934509277e+00
3.027085542678833008e+00 2.544523954391479492e+00
1.579005718231201172e+00 1.487441420555114746e+00
1.786058783531188965e+00 1.802579760551452637e+00
1.645173788070678711e+00 1.763610363006591797e+00
1.624852299690246582e+00 1.767081499099731445e+00
2.248211145401000977e+00 2.158740282058715820e+00
1.346050977706909180e+00 1.470040440559387207e+00
1.807638764381408691e+00 1.685982227325439453e+00
1.375865340232849121e+00 1.346589326858520508e+00
1.764309167861938477e+00 1.486894845962524414e+00
1.532428622245788574e+00 1.988839030265808105e+00
2.241282939910888672e+00 2.331913471221923828e+00
2.596433162689208984e+00 2.736784458160400391e+00
2.076846361160278320e+00 2.331913471221923828e+00
2.581594944000244141e+00 2.536169052124023438e+00
2.375235795974731445e+00 2.393641948699951172e+00
3.894040584564208984e+00 2.544086217880249023e+00
3.137686252593994141e+00 3.059066057205200195e+00
3.104849100112915039e+00 2.961932182312011719e+00
3.027880668640136719e+00 2.986976146697998047e+00
2.304327011108398438e+00 2.483939409255981445e+00
2.832441329956054688e+00 2.810308456420898438e+00
1.548520922660827637e-01 8.640673160552978516e-01
1.689104437828063965e+00 1.759057879447937012e+00
1.719125747680664062e+00 1.759856581687927246e+00
7.613878250122070312e-01 9.668576717376708984e-01
1.611699461936950684e+00 1.438323020935058594e+00
7.927674651145935059e-01 7.722541689872741699e-01
4.952801167964935303e-01 6.992139220237731934e-01
7.502990961074829102e-01 7.248920798301696777e-01
1.709258437156677246e+00 1.825325608253479004e+00
2.857172250747680664e+00 2.878320455551147461e+00
1.783856511116027832e+00 1.786644339561462402e+00
1.109393000602722168e+00 1.162356138229370117e+00
1.261297941207885742e+00 1.224236726760864258e+00
7.933897972106933594e-01 9.340888857841491699e-01
1.075049400329589844e+00 1.176977872848510742e+00
9.784857034683227539e-01 1.074675679206848145e+00
1.387859106063842773e+00 1.189572453498840332e+00
1.089687108993530273e+00 1.270067930221557617e+00
1.181253671646118164e+00 1.000678539276123047e+00
2.240864992141723633e+00 2.227489709854125977e+00
2.159039020538330078e+00 2.360792398452758789e+00
1.427119374275207520e+00 1.447121262550354004e+00
1.506927251815795898e+00 1.101190209388732910e+00
5.904893279075622559e-01 7.168868184089660645e-01
2.042323589324951172e+00 2.055953264236450195e+00
1.568930983543395996e+00 9.180179834365844727e-01
9.334236383438110352e-01 7.071420550346374512e-01
1.397198677062988281e+00 1.161526560783386230e+00
1.104462146759033203e+00 1.268823266029357910e+00
1.719098329544067383e+00 1.421283602714538574e+00
9.076441526412963867e-01 9.751023650169372559e-01
2.126963615417480469e+00 2.201878786087036133e+00
2.567188262939453125e+00 2.531792879104614258e+00
1.277870416641235352e+00 1.263517975807189941e+00
9.932560324668884277e-01 1.236548662185668945e+00
8.124105334281921387e-01 9.399413466453552246e-01
1.460089445114135742e+00 1.588290452957153320e+00
2.069110393524169922e+00 2.166984319686889648e+00
9.566986560821533203e-01 1.051739454269409180e+00
1.173504710197448730e+00 1.002694964408874512e+00
4.377744197845458984e-01 5.818409919738769531e-01
3.225161075592041016e+00 3.175227403640747070e+00
1.459334373474121094e+00 1.430479884147644043e+00
1.719892621040344238e+00 1.411047816276550293e+00
9.413465261459350586e-01 8.080864548683166504e-01
1.313654780387878418e+00 1.350810527801513672e+00
1.388658523559570312e+00 1.499007463455200195e+00
1.176930427551269531e+00 1.164528727531433105e+00
1.051525115966796875e+00 9.592232108116149902e-01
1.461684823036193848e+00 1.529253840446472168e+00
1.795102119445800781e+00 1.363411307334899902e+00
7.726888656616210938e-01 7.983278036117553711e-01
1.479821801185607910e+00 1.346597313880920410e+00
2.051369905471801758e+00 8.111007809638977051e-01
3.014656782150268555e+00 2.984643220901489258e+00
2.209251374006271362e-01 7.953597903251647949e-01
1.325880646705627441e+00 1.135317921638488770e+00
1.566957592964172363e+00 1.625100374221801758e+00
1.339483261108398438e+00 1.314622521400451660e+00
1.761528372764587402e+00 1.819743752479553223e+00
1.180805444717407227e+00 1.219666123390197754e+00
1.956323266029357910e+00 2.018553972244262695e+00
1.127898931503295898e+00 1.079055190086364746e+00
1.485258698463439941e+00 1.474677920341491699e+00
1.457880496978759766e+00 1.342241406440734863e+00
1.730742096900939941e+00 1.820972323417663574e+00
8.035993576049804688e-01 9.120455384254455566e-01
1.017356276512145996e+00 9.120455980300903320e-01
1.848133683204650879e+00 2.087987184524536133e+00
1.519194960594177246e+00 1.310776352882385254e+00
1.043349027633666992e+00 1.084671378135681152e+00
1.482311964035034180e+00 2.010866880416870117e+00
8.563026785850524902e-01 7.559002041816711426e-01
2.279508590698242188e+00 2.389146566390991211e+00
2.260287046432495117e+00 2.372629404067993164e+00
1.084566950798034668e+00 1.101942181587219238e+00
2.625159502029418945e+00 2.729602098464965820e+00
2.186987161636352539e+00 2.408278465270996094e+00
2.025858879089355469e+00 2.059604883193969727e+00
1.339717984199523926e+00 1.151086688041687012e+00
9.013468623161315918e-01 7.811879515647888184e-01
1.145684838294982910e+00 1.219614148139953613e+00
1.486084818840026855e+00 1.477169513702392578e+00
3.109009742736816406e+00 2.240975141525268555e+00
1.600847244262695312e+00 1.334324121475219727e+00
8.662211894989013672e-01 7.880261540412902832e-01
1.205482125282287598e+00 1.348992466926574707e+00
1.160266995429992676e+00 1.348538637161254883e+00
3.019043207168579102e+00 3.327262639999389648e+00
1.254189610481262207e+00 1.242836117744445801e+00
1.058361649513244629e+00 1.177794337272644043e+00
1.426489591598510742e+00 1.418462276458740234e+00
1.607153058052062988e+00 1.421203732490539551e+00
1.614190459251403809e+00 1.490054845809936523e+00
1.439520597457885742e+00 1.478093385696411133e+00
1.595403552055358887e+00 1.581080079078674316e+00
1.618087768554687500e+00 1.581080079078674316e+00
1.563371419906616211e+00 1.650264859199523926e+00
3.094902515411376953e+00 3.944824457168579102e+00
1.063259243965148926e+00 1.132554411888122559e+00
1.872658371925354004e+00 1.761729359626770020e+00
1.955904960632324219e+00 1.861081242561340332e+00
1.161877512931823730e+00 1.345791459083557129e+00
1.066411733627319336e+00 1.123755931854248047e+00
1.641279458999633789e+00 1.610586762428283691e+00
3.261961936950683594e+00 3.613434791564941406e+00
1.518102526664733887e+00 1.440235853195190430e+00
2.266127109527587891e+00 2.306017637252807617e+00
1.515183925628662109e+00 1.384070515632629395e+00
2.540892601013183594e+00 2.619377374649047852e+00
2.277945041656494141e+00 2.606659889221191406e+00
1.330389022827148438e+00 1.269559025764465332e+00
1.280564785003662109e+00 1.283506989479064941e+00
1.428165435791015625e+00 1.380050063133239746e+00
3.675285816192626953e+00 3.841751575469970703e+00
7.630881667137145996e-01 7.032707333564758301e-01
2.639314889907836914e+00 2.626019954681396484e+00
2.544134140014648438e+00 2.586838006973266602e+00
2.526243209838867188e+00 2.535469293594360352e+00
2.937528848648071289e+00 2.952878713607788086e+00
3.388113975524902344e+00 3.429707288742065430e+00
2.203166961669921875e+00 2.364324331283569336e+00
2.743827104568481445e+00 2.620730400085449219e+00
3.533622026443481445e+00 3.755394220352172852e+00
2.770862817764282227e+00 2.828716516494750977e+00
2.896709680557250977e+00 2.595640420913696289e+00
2.223970174789428711e+00 2.567323446273803711e+00
2.213519811630249023e+00 2.429491519927978516e+00
2.306421041488647461e+00 2.454737424850463867e+00
2.621382236480712891e+00 2.644343137741088867e+00
2.591992378234863281e+00 2.815343618392944336e+00
1.764495611190795898e+00 1.584362149238586426e+00
1.855272889137268066e+00 1.584362149238586426e+00
2.231897354125976562e+00 2.273643255233764648e+00
1.776802182197570801e+00 1.666445851325988770e+00
1.169292092323303223e+00 1.321345567703247070e+00
1.556018114089965820e+00 1.669301867485046387e+00
2.426324844360351562e+00 2.444347381591796875e+00
2.304077148437500000e+00 2.134997606277465820e+00
1.993874192237854004e+00 2.306521177291870117e+00
2.739619970321655273e+00 2.730681180953979492e+00
1.237428426742553711e+00 1.217079997062683105e+00
2.174795150756835938e+00 2.224231481552124023e+00
2.497240781784057617e+00 2.393973588943481445e+00
2.155797004699707031e+00 2.126700639724731445e+00
1.724170923233032227e+00 1.787478089332580566e+00
1.843606591224670410e+00 1.861411690711975098e+00
1.984162330627441406e+00 2.028792619705200195e+00
2.414110422134399414e+00 2.551071166992187500e+00
1.250333309173583984e+00 1.292575716972351074e+00
2.475691795349121094e+00 2.452630996704101562e+00
2.488183975219726562e+00 2.566824197769165039e+00
1.187665104866027832e+00 1.263473868370056152e+00
1.883588552474975586e+00 2.057611703872680664e+00
1.286018252372741699e+00 1.411373019218444824e+00
2.830814361572265625e+00 1.967706561088562012e+00
1.694050908088684082e+00 1.555678248405456543e+00
1.511849880218505859e+00 1.361629843711853027e+00
2.109185934066772461e+00 2.189625501632690430e+00
2.045389890670776367e+00 1.931327462196350098e+00
2.403233289718627930e+00 2.851681947708129883e+00
3.031102180480957031e+00 3.226570844650268555e+00
9.993470311164855957e-01 1.184478640556335449e+00
2.387582778930664062e+00 2.159168243408203125e+00
1.724222183227539062e+00 1.820405125617980957e+00
1.837848186492919922e+00 1.742826819419860840e+00
1.560336232185363770e+00 1.771191954612731934e+00
2.533122301101684570e+00 2.148559808731079102e+00
2.315061330795288086e+00 2.430353403091430664e+00
3.166054964065551758e+00 3.160137414932250977e+00
1.268278598785400391e+00 1.266623497009277344e+00
1.886706829071044922e+00 1.978842496871948242e+00
1.924829840660095215e+00 1.978828549385070801e+00
2.338584423065185547e+00 2.354674577713012695e+00
2.862156867980957031e+00 3.027121782302856445e+00
2.935758829116821289e+00 2.959893941879272461e+00
1.567984342575073242e+00 1.484431147575378418e+00
1.601256728172302246e+00 1.484431147575378418e+00
1.326778411865234375e+00 1.485702395439147949e+00
1.344764590263366699e+00 1.104863047599792480e+00
3.194422006607055664e+00 3.274550676345825195e+00
6.341536641120910645e-01 6.686618328094482422e-01
1.435242772102355957e+00 1.290457129478454590e+00
2.504574537277221680e+00 2.594764471054077148e+00
1.214866757392883301e+00 1.333987593650817871e+00
3.254568815231323242e+00 3.168327808380126953e+00
3.048772096633911133e+00 3.186129570007324219e+00
3.470269203186035156e+00 3.406547307968139648e+00
1.392724037170410156e+00 1.454725742340087891e+00
1.587163686752319336e+00 1.382245302200317383e+00
1.557621598243713379e+00 1.419932246208190918e+00
1.869699239730834961e+00 1.657397627830505371e+00
2.753674268722534180e+00 2.213824033737182617e+00
8.480798006057739258e-01 8.566300272941589355e-01
1.698136091232299805e+00 1.609709501266479492e+00
2.724528789520263672e+00 2.910160303115844727e+00
3.215580463409423828e+00 3.320387601852416992e+00
3.250730514526367188e+00 3.193204641342163086e+00
1.581174850463867188e+00 1.307767271995544434e+00
1.502682566642761230e+00 1.489331364631652832e+00
3.064451456069946289e+00 3.136992692947387695e+00
3.645285606384277344e+00 3.731239080429077148e+00
2.576487541198730469e+00 2.977507352828979492e+00
2.567430973052978516e+00 2.977507352828979492e+00
1.588061928749084473e+00 1.764062523841857910e+00
3.184870719909667969e+00 3.298063993453979492e+00
2.052474737167358398e+00 2.221264600753784180e+00
1.557393431663513184e+00 1.537725567817687988e+00
1.905745148658752441e+00 1.681555747985839844e+00
2.577003717422485352e+00 2.686696052551269531e+00
2.203074216842651367e+00 2.117624044418334961e+00
1.688656330108642578e+00 1.740837454795837402e+00
3.123811244964599609e+00 3.401826620101928711e+00
1.550833582878112793e+00 1.438550114631652832e+00
1.957468032836914062e+00 1.702568292617797852e+00
8.806155920028686523e-01 8.154758810997009277e-01
2.082196950912475586e+00 1.874451041221618652e+00
1.448492765426635742e+00 1.334578156471252441e+00
1.380593180656433105e+00 1.394537687301635742e+00
1.369276165962219238e+00 1.388741374015808105e+00
1.052835106849670410e+00 1.213475584983825684e+00
1.821076989173889160e+00 1.953600525856018066e+00
2.576281547546386719e+00 2.468880891799926758e+00
1.758793473243713379e+00 1.811623454093933105e+00
1.269567608833312988e+00 1.335924506187438965e+00
2.383407592773437500e+00 2.385703325271606445e+00
1.789859056472778320e+00 1.714318156242370605e+00
2.646917104721069336e+00 2.469626188278198242e+00
2.413530826568603516e+00 2.211549520492553711e+00
1.916514039039611816e+00 1.671126008033752441e+00
2.664161205291748047e+00 2.669054031372070312e+00
1.305792093276977539e+00 1.322335124015808105e+00
1.376922130584716797e+00 1.322335124015808105e+00
1.436564683914184570e+00 1.384104371070861816e+00
1.336786389350891113e+00 1.243878841400146484e+00
2.145112752914428711e+00 2.088606119155883789e+00
2.483623981475830078e+00 2.596543073654174805e+00
7.254767417907714844e-01 8.945631384849548340e-01
1.712223291397094727e+00 1.706833720207214355e+00
2.534178972244262695e+00 2.607589006423950195e+00
2.831804752349853516e+00 3.041328668594360352e+00
2.880493879318237305e+00 3.072698354721069336e+00
3.231911897659301758e+00 3.058906555175781250e+00
3.608702898025512695e+00 3.193192958831787109e+00
1.967922210693359375e+00 2.201450109481811523e+00
3.201378583908081055e+00 3.383813619613647461e+00
3.315824985504150391e+00 3.185843229293823242e+00
1.987694501876831055e+00 2.343395471572875977e+00
2.545137882232666016e+00 2.231720924377441406e+00
2.717086315155029297e+00 2.235991239547729492e+00
2.468478202819824219e+00 2.253006219863891602e+00
1.136495590209960938e+00 1.108546733856201172e+00
2.063532114028930664e+00 2.265870809555053711e+00
1.820018887519836426e+00 1.722634792327880859e+00
1.810129523277282715e+00 1.811818718910217285e+00
2.092093944549560547e+00 2.298663854598999023e+00
2.137865781784057617e+00 2.222647905349731445e+00
2.235355615615844727e+00 2.325224637985229492e+00
2.172073841094970703e+00 2.312170028686523438e+00
2.408770322799682617e+00 2.557925701141357422e+00
2.349039554595947266e+00 2.499727964401245117e+00
1.585757255554199219e+00 1.418577790260314941e+00
1.637305617332458496e+00 1.721223473548889160e+00
1.822333455085754395e+00 1.782106637954711914e+00
2.524425745010375977e+00 2.605679035186767578e+00
1.747454285621643066e+00 1.650961875915527344e+00
1.568583488464355469e+00 1.666037678718566895e+00
1.473652243614196777e+00 1.526446342468261719e+00
1.698755383491516113e+00 1.722374320030212402e+00
1.721022844314575195e+00 1.810685157775878906e+00
2.175029277801513672e+00 2.161032915115356445e+00
3.399294853210449219e+00 3.005122661590576172e+00
2.469957828521728516e+00 2.172374248504638672e+00
1.352960944175720215e+00 1.486059188842773438e+00
1.606418371200561523e+00 1.707224845886230469e+00
3.095735073089599609e+00 3.471939802169799805e+00
3.049446105957031250e+00 3.062510013580322266e+00
3.007918596267700195e+00 2.952867984771728516e+00
2.936951875686645508e+00 2.880799055099487305e+00
3.464915513992309570e+00 3.574614763259887695e+00
-5.795268416404724121e-01 7.756642997264862061e-02
4.186178743839263916e-01 2.236270904541015625e-01
3.009809494018554688e+00 3.052546501159667969e+00
3.566040992736816406e+00 3.673946142196655273e+00
9.359454512596130371e-01 9.639105796813964844e-01
1.760814070701599121e+00 1.765718698501586914e+00
2.571486473083496094e+00 2.531629085540771484e+00
3.330149412155151367e+00 3.246641635894775391e+00
1.105232119560241699e+00 1.079158067703247070e+00
1.440147757530212402e+00 1.432752132415771484e+00
3.707234859466552734e+00 3.984791278839111328e+00
1.676036357879638672e+00 1.261880636215209961e+00
9.776124954223632812e-01 1.045574426651000977e+00
7.223944664001464844e-01 8.335821628570556641e-01
2.914214134216308594e+00 2.820585489273071289e+00
1.752430915832519531e+00 1.802781820297241211e+00
1.386112213134765625e+00 1.361609339714050293e+00
1.254931449890136719e+00 1.287801504135131836e+00
1.504269599914550781e+00 1.670178055763244629e+00
1.260205864906311035e+00 1.283850789070129395e+00
1.154738664627075195e+00 1.205637812614440918e+00
1.019233822822570801e+00 1.124820709228515625e+00
1.895536184310913086e+00 2.007416248321533203e+00
1.373693704605102539e+00 1.435531854629516602e+00
1.109612941741943359e+00 1.254048347473144531e+00
8.689185380935668945e-01 1.045068979263305664e+00
2.418913602828979492e+00 2.248521327972412109e+00
8.871936798095703125e-01 9.506018161773681641e-01
1.608441591262817383e+00 1.637717485427856445e+00
1.172916173934936523e+00 1.317688226699829102e+00
9.562895298004150391e-01 9.584805965423583984e-01
1.353362202644348145e+00 1.354942440986633301e+00
1.215622901916503906e+00 1.318590641021728516e+00
6.993629336357116699e-01 1.039312720298767090e+00
2.201278924942016602e+00 2.313877582550048828e+00
7.515853643417358398e-01 7.259354591369628906e-01
1.607526302337646484e+00 1.591400623321533203e+00
1.321049332618713379e+00 1.348925352096557617e+00
1.444913864135742188e+00 1.605108022689819336e+00
1.386788845062255859e+00 1.262732982635498047e+00
9.917032122611999512e-01 1.017841696739196777e+00
1.732913136482238770e+00 1.515214204788208008e+00
1.109266996383666992e+00 1.238851308822631836e+00
4.488501548767089844e-01 6.306800842285156250e-01
8.360753655433654785e-01 9.040670394897460938e-01
6.907605528831481934e-01 8.414925336837768555e-01
1.827223300933837891e+00 1.847644090652465820e+00
1.463732004165649414e+00 1.171701073646545410e+00
1.701061964035034180e+00 1.432436227798461914e+00
1.766599178314208984e+00 1.697780132293701172e+00
7.544133067131042480e-01 9.373513460159301758e-01
2.019520044326782227e+00 1.940617918968200684e+00
3.133333444595336914e+00 2.939163684844970703e+00
1.184407711029052734e+00 1.336963176727294922e+00
8.895492553710937500e-01 1.064303636550903320e+00
1.262078404426574707e+00 1.294152140617370605e+00
1.860288381576538086e+00 1.396484613418579102e+00
1.524868130683898926e+00 1.601629018783569336e+00
1.152011513710021973e+00 1.118809461593627930e+00
1.817954063415527344e+00 1.729629755020141602e+00
9.151529669761657715e-01 1.027045130729675293e+00
1.011361479759216309e+00 1.097940206527709961e+00
2.074151754379272461e+00 2.120219230651855469e+00
1.203508257865905762e+00 1.253828763961791992e+00
9.750625491142272949e-01 9.839050769805908203e-01
1.930409431457519531e+00 1.734206914901733398e+00
1.409362435340881348e+00 1.423786282539367676e+00
1.421645641326904297e+00 1.113571405410766602e+00
1.783963441848754883e+00 1.752998590469360352e+00
7.185929417610168457e-01 9.249440431594848633e-01
9.545421600341796875e-01 9.249440431594848633e-01
3.606496095657348633e+00 3.716696977615356445e+00
1.386918067932128906e+00 1.093593001365661621e+00
1.185164928436279297e+00 1.093593001365661621e+00
1.636076807975769043e+00 1.419436812400817871e+00
2.103218793869018555e+00 2.056085586547851562e+00
1.808233737945556641e+00 2.009684085845947266e+00
1.193139553070068359e+00 1.256023764610290527e+00
9.870162010192871094e-01 9.967629909515380859e-01
1.449320435523986816e+00 1.498113155364990234e+00
1.033486485481262207e+00 1.195315957069396973e+00
1.053642153739929199e+00 1.145429372787475586e+00
1.090723276138305664e+00 1.169395923614501953e+00
1.002579927444458008e+00 8.496056795120239258e-01
1.545404672622680664e+00 1.710573077201843262e+00
1.174897670745849609e+00 1.195303678512573242e+00
2.084051847457885742e+00 2.064840555191040039e+00
1.204551100730895996e+00 1.203906655311584473e+00
1.668347954750061035e+00 1.643955707550048828e+00
1.038979291915893555e+00 1.249774217605590820e+00
1.062358975410461426e+00 1.220678806304931641e+00
1.336953878402709961e+00 1.307568311691284180e+00
1.139348983764648438e+00 1.048087358474731445e+00
1.860848307609558105e+00 2.239537715911865234e+00
1.247345924377441406e+00 1.313867330551147461e+00
1.477543950080871582e+00 1.633220076560974121e+00
1.381934165954589844e+00 1.397234916687011719e+00
1.426104187965393066e+00 1.438950300216674805e+00
3.577774047851562500e+00 3.690711975097656250e+00
2.252310514450073242e+00 2.264771938323974609e+00
1.576120615005493164e+00 1.841721534729003906e+00
9.855409264564514160e-01 1.108627080917358398e+00
1.437430024147033691e+00 1.399950981140136719e+00
1.412372827529907227e+00 1.399950981140136719e+00
1.604992985725402832e+00 1.683283090591430664e+00
2.738434791564941406e+00 2.912567615509033203e+00
3.780396938323974609e+00 4.032409191131591797e+00
1.647231578826904297e+00 1.484243273735046387e+00
1.527454376220703125e+00 1.551369428634643555e+00
1.365400433540344238e+00 1.473708748817443848e+00
2.189260482788085938e+00 2.335335969924926758e+00
1.294557094573974609e+00 1.378926515579223633e+00
3.588231086730957031e+00 3.753079891204833984e+00
1.260407090187072754e+00 1.337788820266723633e+00
1.133501082658767700e-01 6.807693094015121460e-02
2.127417325973510742e+00 2.123420238494873047e+00
3.308931827545166016e+00 3.623019933700561523e+00
3.414681673049926758e+00 3.000470638275146484e+00
1.974282383918762207e+00 2.406807422637939453e+00
2.571129560470581055e+00 2.612916946411132812e+00
2.947734594345092773e+00 3.375745296478271484e+00
2.461220741271972656e+00 2.746402978897094727e+00
2.759428501129150391e+00 2.702543973922729492e+00
2.854262590408325195e+00 2.702543973922729492e+00
2.214475154876708984e+00 2.247393846511840820e+00
2.017957687377929688e+00 2.061937570571899414e+00
2.440443754196166992e+00 2.610446929931640625e+00
3.151553869247436523e+00 3.170971870422363281e+00
1.431170463562011719e+00 1.651608347892761230e+00
3.005692005157470703e+00 3.284666299819946289e+00
3.025016784667968750e+00 3.123041868209838867e+00
2.458494901657104492e+00 2.425354242324829102e+00
1.556046485900878906e+00 1.566612958908081055e+00
2.645114660263061523e+00 2.387874603271484375e+00
1.272922277450561523e+00 1.465880393981933594e+00
2.025394678115844727e+00 1.948722839355468750e+00
1.304133057594299316e+00 1.424071550369262695e+00
1.751217365264892578e+00 1.455942153930664062e+00
3.454050779342651367e+00 2.988671779632568359e+00
3.801726818084716797e+00 2.954694271087646484e+00
1.454848527908325195e+00 1.493168473243713379e+00
2.331279277801513672e+00 2.367434024810791016e+00
3.645634174346923828e+00 3.750949382781982422e+00
1.301661014556884766e+00 1.415249109268188477e+00
1.711750030517578125e+00 1.736030340194702148e+00
2.707332611083984375e+00 2.954869508743286133e+00
1.790602922439575195e+00 2.194731235504150391e+00
2.216423988342285156e+00 2.397445678710937500e+00
8.030686378479003906e-01 4.436893761157989502e-01
1.725472569465637207e+00 1.797862052917480469e+00
3.104780673980712891e+00 3.145587921142578125e+00
1.847360491752624512e+00 1.797264099121093750e+00
3.111254692077636719e+00 3.145587921142578125e+00
3.650554418563842773e+00 3.694021224975585938e+00
2.090618848800659180e+00 2.346232891082763672e+00
1.865260124206542969e+00 1.864300727844238281e+00
2.369844675064086914e+00 1.767012596130371094e+00
1.961842298507690430e+00 2.050569772720336914e+00
2.574948072433471680e+00 2.464003086090087891e+00
1.778228521347045898e+00 1.902971029281616211e+00
1.738979935646057129e+00 1.720415234565734863e+00
2.178368806838989258e+00 2.192706346511840820e+00
1.691951870918273926e+00 1.716656446456909180e+00
1.808854937553405762e+00 1.839333653450012207e+00
1.235121488571166992e+00 1.381339550018310547e+00
2.258185625076293945e+00 2.016352891921997070e+00
2.581677913665771484e+00 2.498471021652221680e+00
2.552419424057006836e+00 2.471661567687988281e+00
2.305009603500366211e+00 2.306428909301757812e+00
1.262106537818908691e+00 1.310692787170410156e+00
2.078818082809448242e+00 2.259811878204345703e+00
2.131871461868286133e+00 2.045101642608642578e+00
4.268929958343505859e+00 3.106568336486816406e+00
1.729846715927124023e+00 1.659088134765625000e+00
2.073627948760986328e+00 1.962182521820068359e+00
2.340094327926635742e+00 2.520653724670410156e+00
1.408113956451416016e+00 1.574430823326110840e+00
2.171440124511718750e+00 1.944082140922546387e+00
1.923823237419128418e+00 2.140305519104003906e+00
1.172733545303344727e+00 1.229238033294677734e+00
1.906317353248596191e+00 1.949760913848876953e+00
3.496190786361694336e+00 3.210013866424560547e+00
2.235591173171997070e+00 2.297258138656616211e+00
2.542171955108642578e+00 2.117466926574707031e+00
2.620267391204833984e+00 2.613985300064086914e+00
3.155000209808349609e+00 2.969105005264282227e+00
1.235452771186828613e+00 1.375969886779785156e+00
1.562075018882751465e+00 1.449112057685852051e+00
2.581364631652832031e+00 2.890288352966308594e+00
1.830523490905761719e+00 1.380579471588134766e+00
1.920695155858993530e-01 1.275997161865234375e-01
8.146696686744689941e-01 9.706764221191406250e-01
6.510716676712036133e-01 9.706354141235351562e-01
2.197441644966602325e-02 2.174175828695297241e-01
-3.202779917046427727e-03 2.862846106290817261e-02
2.168587207794189453e+00 2.233429431915283203e+00
1.301822423934936523e+00 1.320041775703430176e+00
7.948619127273559570e-01 1.058213949203491211e+00
9.755746722221374512e-01 1.063908100128173828e+00
2.221068143844604492e+00 2.307822465896606445e+00
3.105718135833740234e+00 3.204154014587402344e+00
1.235520243644714355e+00 1.259047508239746094e+00
1.705569028854370117e+00 1.667336225509643555e+00
1.749231576919555664e+00 1.676963806152343750e+00
1.434131145477294922e+00 1.326139926910400391e+00
1.909831285476684570e+00 1.640726566314697266e+00
1.706075072288513184e+00 1.762002706527709961e+00
1.745091199874877930e+00 1.872369766235351562e+00
7.910571098327636719e-01 9.542359113693237305e-01
3.148560285568237305e+00 3.165112972259521484e+00
2.957716941833496094e+00 2.877582311630249023e+00
3.202967882156372070e+00 3.171633243560791016e+00
2.222847461700439453e+00 2.078448772430419922e+00
3.101648807525634766e+00 3.099950313568115234e+00
3.197116851806640625e+00 3.201965093612670898e+00
1.567781567573547363e+00 1.488198041915893555e+00
2.227975368499755859e+00 2.202016592025756836e+00
1.619307637214660645e+00 1.570195913314819336e+00
1.665056705474853516e+00 1.644387483596801758e+00
1.650874376296997070e+00 1.785650968551635742e+00
2.217787265777587891e+00 2.283994674682617188e+00
2.570963621139526367e+00 1.343123912811279297e+00
4.670170307159423828e+00 3.148414134979248047e+00
1.004352569580078125e+00 1.099552869796752930e+00
1.281322717666625977e+00 1.295304298400878906e+00
1.160785675048828125e+00 1.307147026062011719e+00
1.146366119384765625e+00 1.192611932754516602e+00
1.083053231239318848e+00 1.194558620452880859e+00
1.472966194152832031e+00 1.521300792694091797e+00
1.513882756233215332e+00 1.521729826927185059e+00
1.968322992324829102e+00 1.936970710754394531e+00
2.353190183639526367e+00 2.416538238525390625e+00
1.440889358520507812e+00 1.518779397010803223e+00
2.179983615875244141e+00 2.114248752593994141e+00
1.764092922210693359e+00 1.760645270347595215e+00
2.950609445571899414e+00 3.056351900100708008e+00
8.053922057151794434e-01 8.966513872146606445e-01
2.302344083786010742e+00 2.433333396911621094e+00
9.656351208686828613e-01 1.012468695640563965e+00
2.089138507843017578e+00 2.007504701614379883e+00
2.499825000762939453e+00 2.626664161682128906e+00
1.445032954216003418e+00 1.413650035858154297e+00
3.204241991043090820e+00 2.860155820846557617e+00
3.118892431259155273e+00 2.856556415557861328e+00
3.468661069869995117e+00 3.199784278869628906e+00
3.291682243347167969e+00 3.149105787277221680e+00
1.771451711654663086e+00 2.157497167587280273e+00
3.151132583618164062e+00 3.275747776031494141e+00
3.234009265899658203e+00 3.110610961914062500e+00
1.612808942794799805e+00 1.663738012313842773e+00
2.054935932159423828e+00 2.390912532806396484e+00
7.411887049674987793e-01 9.708859920501708984e-01
1.491158366203308105e+00 1.659933924674987793e+00
2.123095035552978516e+00 2.353189706802368164e+00
2.127769708633422852e+00 2.117093801498413086e+00
2.443023681640625000e+00 2.428314208984375000e+00
2.796163320541381836e+00 2.791460990905761719e+00
1.337030529975891113e+00 1.244370937347412109e+00
1.694517731666564941e+00 1.709222793579101562e+00
1.867768049240112305e+00 1.758853673934936523e+00
1.460063695907592773e+00 1.780296206474304199e+00
1.899001240730285645e+00 1.793404340744018555e+00
1.492449879646301270e+00 1.421805858612060547e+00
1.323567867279052734e+00 1.421805858612060547e+00
2.421511888504028320e+00 2.023874282836914062e+00
1.693447113037109375e+00 1.723481655120849609e+00
1.532383322715759277e+00 1.546398401260375977e+00
2.896788120269775391e+00 2.928158044815063477e+00
2.663132190704345703e+00 2.587193012237548828e+00
2.113584756851196289e+00 2.335854768753051758e+00
2.007627964019775391e+00 1.970958590507507324e+00
2.673044681549072266e+00 2.515579223632812500e+00
3.053422451019287109e+00 2.967224121093750000e+00
3.448389053344726562e+00 3.725196838378906250e+00
2.414436101913452148e+00 2.738595724105834961e+00
3.101211071014404297e+00 3.058002948760986328e+00
3.465662956237792969e+00 3.452551364898681641e+00
2.412744522094726562e+00 2.710445642471313477e+00
3.195934295654296875e+00 2.926013231277465820e+00
1.451256752014160156e+00 1.903784990310668945e+00
1.211813211441040039e+00 1.519126772880554199e+00
