-7.612052559852600098e-01 -8.519113063812255859e-01
-1.072711348533630371e+00 -9.170960783958435059e-01
-1.053961753845214844e+00 -9.661549925804138184e-01
-9.492881596088409424e-02 4.766700416803359985e-02
5.185108780860900879e-01 7.685756087303161621e-01
3.907092288136482239e-02 -1.507190167903900146e-01
-6.756369024515151978e-02 3.146617487072944641e-02
1.016456127166748047e+00 1.079795479774475098e+00
-1.701306343078613281e+00 -9.699220061302185059e-01
7.179520726203918457e-01 7.793280482292175293e-01
4.831351339817047119e-01 5.071670413017272949e-01
8.974028825759887695e-01 7.874782681465148926e-01
-1.437208294868469238e+00 -1.162097692489624023e+00
1.042222499847412109e+00 9.786899685859680176e-01
5.658276677131652832e-01 5.787670016288757324e-01
6.041005849838256836e-01 4.315220713615417480e-01
-1.377667546272277832e+00 -9.737194180488586426e-01
3.021139800548553467e-01 4.326599836349487305e-01
-1.359869122505187988e+00 -1.215497255325317383e+00
-9.708058238029479980e-01 -1.100660562515258789e+00
-1.077744126319885254e+00 -1.100914478302001953e+00
-1.004511594772338867e+00 -1.034776687622070312e+00
5.555210709571838379e-01 5.727611184120178223e-01
4.379053115844726562e-01 4.283009767532348633e-01
5.384359955787658691e-01 5.726735591888427734e-01
-9.113419055938720703e-01 -9.857748150825500488e-01
-1.091637372970581055e+00 -1.021306753158569336e+00
8.652700185775756836e-01 9.980664849281311035e-01
-1.971398472785949707e+00 -1.746960997581481934e+00
-2.197584152221679688e+00 -2.153457880020141602e+00
-1.921047806739807129e+00 -1.525430560111999512e+00
-2.026398658752441406e+00 -1.772996068000793457e+00
-7.444663047790527344e-01 -8.449528813362121582e-01
1.060006141662597656e+00 1.026418089866638184e+00
-1.204211950302124023e+00 -1.056761026382446289e+00
-2.090973854064941406e+00 -1.226557254791259766e+00
-4.283277392387390137e-01 -7.336234450340270996e-01
-6.501832008361816406e-01 -5.926533341407775879e-01
-5.651605725288391113e-01 -2.772599756717681885e-01
-1.389449238777160645e+00 -1.081716179847717285e+00
-1.156419873237609863e+00 -4.949609637260437012e-01
-2.240801811218261719e+00 -2.326404571533203125e+00
-2.262133598327636719e+00 -2.382004976272583008e+00
-1.474645137786865234e+00 -1.534134864807128906e+00
-5.578932166099548340e-02 -1.000356197357177734e+00
-2.243505716323852539e+00 -2.156880617141723633e+00
-2.588923573493957520e-01 -6.006700396537780762e-01
-3.931531906127929688e-01 -2.645172178745269775e-01
-4.399169236421585083e-02 2.377905845642089844e-01
3.613889589905738831e-02 2.377898693084716797e-01
-1.288888812065124512e+00 -1.011048078536987305e+00
9.427846223115921021e-02 -6.173337250947952271e-02
6.225134804844856262e-02 2.035805881023406982e-01
3.534972369670867920e-01 1.494123637676239014e-01
-1.946702413260936737e-02 3.955615311861038208e-02
8.739801049232482910e-01 7.038329243659973145e-01
3.717924058437347412e-01 3.434297442436218262e-01
4.419452548027038574e-01 3.434297442436218262e-01
-9.204114787280559540e-03 1.345775127410888672e-01
-1.636858463287353516e+00 -1.714774608612060547e+00
3.954284787178039551e-01 2.809515297412872314e-01
3.148266077041625977e-01 1.065640598535537720e-01
3.681326210498809814e-01 3.765299916267395020e-01
-6.497396826744079590e-01 -7.357261776924133301e-01
-1.225081011652946472e-01 -3.994711637496948242e-01
-1.141390800476074219e+00 -1.002612352371215820e+00
-1.375285267829895020e+00 -1.059182167053222656e+00
-1.099534481763839722e-01 7.692221552133560181e-02
-6.376760601997375488e-01 -1.146790027618408203e+00
-2.991951406002044678e-01 -1.742798388004302979e-01
-3.031829893589019775e-01 -3.236830234527587891e-01
7.091844826936721802e-02 1.151576861739158630e-01
-1.137673020362854004e+00 -9.883745312690734863e-01
-1.251809358596801758e+00 -1.239547967910766602e+00
-9.482958912849426270e-01 -1.037378787994384766e+00
3.915617465972900391e-01 4.353303611278533936e-01
4.700550138950347900e-01 4.286097288131713867e-01
-8.135988712310791016e-01 -8.009697198867797852e-01
-7.926530241966247559e-01 -6.405575871467590332e-01
-1.090890407562255859e+00 -9.681944847106933594e-01
2.993214130401611328e-01 2.989216744899749756e-01
5.149495974183082581e-02 9.524413198232650757e-02
5.579122900962829590e-02 -9.247846901416778564e-05
-8.250046968460083008e-01 -7.313862442970275879e-01
3.642842471599578857e-01 5.602683424949645996e-01
7.374778985977172852e-01 4.735224246978759766e-01
-3.087338209152221680e-01 -2.747656702995300293e-01
-3.345001637935638428e-01 -2.485198676586151123e-01
5.671625137329101562e-01 4.878850579261779785e-01
-8.044919371604919434e-01 -9.607678055763244629e-01
-9.496338963508605957e-01 -7.248641252517700195e-01
-3.648488819599151611e-01 -2.256515026092529297e-01
-3.963851034641265869e-01 1.259211599826812744e-01
-2.204892188310623169e-01 -2.079994380474090576e-01
-2.562503814697265625e+00 -1.165449619293212891e+00
-1.073257565498352051e+00 -7.535930275917053223e-01
-8.369201421737670898e-01 -1.767779111862182617e+00
-7.230527400970458984e-01 -7.076972723007202148e-01
-7.898141145706176758e-01 -6.866489648818969727e-01
-1.051296591758728027e+00 -9.462981820106506348e-01
-8.472604304552078247e-02 -1.370176672935485840e-01
1.489733457565307617e-01 1.483550071716308594e-01
-1.199320554733276367e+00 -1.560652971267700195e+00
-5.640111565589904785e-01 -1.157618880271911621e+00
-1.441366523504257202e-01 -7.053187489509582520e-01
-5.590087771415710449e-01 -7.471459507942199707e-01
-1.160436391830444336e+00 -9.635705351829528809e-01
-1.594558358192443848e+00 -1.282766580581665039e+00
-7.040971517562866211e-01 -7.607379555702209473e-01
-3.667712211608886719e-01 -2.997430562973022461e-01
-8.741851449012756348e-01 -1.109486103057861328e+00
1.275609880685806274e-01 1.526510342955589294e-02
-2.052550613880157471e-01 -3.845686465501785278e-02
1.531021296977996826e-02 -2.670077383518218994e-01
-1.211923837661743164e+00 -1.098580360412597656e+00
-2.268183082342147827e-01 -6.387813687324523926e-01
-8.266077041625976562e-01 -8.810294270515441895e-01
-8.442468196153640747e-02 -4.535745456814765930e-02
7.625659704208374023e-01 -3.518994152545928955e-02
-1.383693367242813110e-01 1.002525836229324341e-01
7.391808927059173584e-02 8.974506705999374390e-02
-1.393461942672729492e+00 -1.076832890510559082e+00
-9.644064307212829590e-01 -7.358487844467163086e-01
7.009398341178894043e-01 7.413052916526794434e-01
-9.796115756034851074e-01 -9.459716677665710449e-01
-1.900328695774078369e-01 1.028089672327041626e-01
-8.917946219444274902e-01 -9.202474951744079590e-01
-1.066156864166259766e+00 -9.998986124992370605e-01
-1.388822197914123535e+00 -1.069930911064147949e+00
1.857620477676391602e-01 2.257522642612457275e-01
-2.339398115873336792e-01 -2.181363105773925781e-01
5.115372687578201294e-02 1.899805665016174316e-01
-1.082213282585144043e+00 -1.024469137191772461e+00
-1.115854620933532715e+00 -1.384526133537292480e+00
8.815231323242187500e-01 1.074550151824951172e+00
-1.198491096496582031e+00 -1.055906891822814941e+00
-8.699301481246948242e-01 -8.490000367164611816e-01
-1.140229344367980957e+00 -1.109781265258789062e+00
-1.575612902641296387e+00 -1.395646810531616211e+00
-1.287902235984802246e+00 -1.110775947570800781e+00
2.653127610683441162e-01 -7.281685471534729004e-01
-1.527813434600830078e+00 -2.120637893676757812e+00
-1.009790062904357910e+00 -1.110434651374816895e+00
-1.514099359512329102e+00 -1.783389210700988770e+00
-1.039503216743469238e+00 -8.289831280708312988e-01
-6.402701139450073242e-01 -1.030496582388877869e-01
-9.602217003703117371e-03 1.773450374603271484e-01
9.729453325271606445e-01 9.122513532638549805e-01
-3.069880902767181396e-01 -7.605476975440979004e-01
-1.010429263114929199e+00 -1.195098400115966797e+00
-1.430970907211303711e+00 -1.163896203041076660e+00
-3.858034014701843262e-01 -4.599350988864898682e-01
-6.424669027328491211e-01 -6.196807026863098145e-01
-8.828152418136596680e-01 -8.272023200988769531e-01
-7.911531329154968262e-01 -8.677940964698791504e-01
1.103720963001251221e-01 -6.135300993919372559e-01
1.072694897651672363e+00 7.753402590751647949e-01
-1.556937396526336670e-01 -1.951351165771484375e-01
-6.720111370086669922e-01 -8.375479578971862793e-01
-4.147469401359558105e-01 -2.523931860923767090e-01
-1.121615529060363770e+00 -9.358331561088562012e-01
1.622164398431777954e-01 4.188511371612548828e-01
-1.205359548330307007e-01 -1.712971329689025879e-01
1.003249526023864746e+00 3.220092952251434326e-01
-1.462956666946411133e+00 -1.261802434921264648e+00
-4.078998565673828125e-01 -6.102225184440612793e-01
-1.125369191169738770e+00 -9.669793844223022461e-01
-8.214280009269714355e-01 -8.821527361869812012e-01
-6.051116585731506348e-01 -7.163706421852111816e-01
-3.834124803543090820e-01 -8.902324438095092773e-01
2.525016367435455322e-01 3.133942186832427979e-01
3.009415864944458008e-01 3.019185662269592285e-01
-7.224380373954772949e-01 -8.427816033363342285e-01
-6.737483143806457520e-01 -5.714299678802490234e-01
-8.798320889472961426e-01 -9.022709131240844727e-01
-3.624626994132995605e-01 -2.389734089374542236e-01
-5.199578404426574707e-01 -1.098762974143028259e-01
-2.035991102457046509e-01 -1.601088941097259521e-01
-1.203027963638305664e+00 -1.114331245422363281e+00
-9.476878643035888672e-01 -8.880323767662048340e-01
-2.053937017917633057e-01 -1.625784039497375488e-01
-9.926620125770568848e-01 -9.364091157913208008e-01
-9.855759143829345703e-02 -5.276910215616226196e-02
-9.689437747001647949e-01 -8.023889064788818359e-01
-5.304774641990661621e-01 -5.836684107780456543e-01
1.645476520061492920e-01 1.876240670680999756e-01
-9.575525522232055664e-01 -1.013697624206542969e+00
-2.337963819503784180e+00 -1.108988761901855469e+00
-1.174237012863159180e+00 -7.670723795890808105e-01
-5.978724956512451172e-01 -5.247344374656677246e-01
-1.293980360031127930e+00 -1.394724845886230469e+00
-9.861139059066772461e-01 -3.371255397796630859e-01
9.416024684906005859e-01 8.857895135879516602e-01
-5.617594122886657715e-01 -6.013236641883850098e-01
7.629201561212539673e-02 -9.312755614519119263e-02
-2.362164407968521118e-01 -2.685588896274566650e-01
-6.673587560653686523e-01 -6.114451289176940918e-01
-5.206379890441894531e-01 -6.245411038398742676e-01
-9.198892712593078613e-01 -9.541309475898742676e-01
-6.071757897734642029e-02 -1.189435645937919617e-01
-8.158458471298217773e-01 -8.070840835571289062e-01
-3.644298315048217773e-01 -4.505833089351654053e-01
-8.861556053161621094e-01 -6.143611669540405273e-01
-8.552526831626892090e-01 -7.990363240242004395e-01
-1.901943206787109375e+00 -1.317399382591247559e+00
-1.108577370643615723e+00 -9.521153569221496582e-01
1.092714786529541016e+00 8.520097732543945312e-01
8.164993524551391602e-01 5.588629841804504395e-01
-1.012210398912429810e-01 8.087527751922607422e-02
-8.611549735069274902e-01 -1.156134605407714844e+00
-1.312359094619750977e+00 -1.489105224609375000e+00
3.513233065605163574e-01 2.730565965175628662e-01
3.751311004161834717e-01 5.460913181304931641e-01
2.552150189876556396e-01 2.679985165596008301e-01
-4.704914987087249756e-01 -6.521919369697570801e-01
-1.158572673797607422e+00 -1.065288424491882324e+00
-3.557858467102050781e-01 -6.992244720458984375e-02
-9.893010258674621582e-01 -9.435691237449645996e-01
-9.356706738471984863e-01 -1.026576161384582520e+00
-2.366053014993667603e-01 1.690361797809600830e-01
9.165097475051879883e-01 9.906836152076721191e-01
-1.479357779026031494e-01 -3.891391754150390625e-01
-3.492738902568817139e-01 -4.959996640682220459e-01
3.293222486972808838e-01 1.767705678939819336e-01
3.377033472061157227e-01 3.523218035697937012e-01
-1.060134291648864746e+00 -9.777149558067321777e-01
-4.983496963977813721e-01 -3.689582347869873047e-01
-9.931448698043823242e-01 -6.061159372329711914e-01
-1.810305267572402954e-01 -3.047116398811340332e-01
-1.260251283645629883e+00 -1.179599285125732422e+00
-8.308221697807312012e-01 -6.831340193748474121e-01
-1.143930673599243164e+00 -1.415996551513671875e+00
-1.626778006553649902e+00 -1.626412391662597656e+00
-9.313492178916931152e-01 -1.441844463348388672e+00
-1.126155138015747070e+00 -9.453967213630676270e-01
8.283528685569763184e-01 6.280397772789001465e-01
-6.148056983947753906e-01 -6.092518568038940430e-01
-1.065005779266357422e+00 -1.027419686317443848e+00
-1.204011082649230957e+00 -9.940759539604187012e-01
-1.209243983030319214e-01 -4.561552703380584717e-01
-1.294948935508728027e+00 -1.062169194221496582e+00
1.082400321960449219e+00 1.069579601287841797e+00
-1.147076860070228577e-01 -3.881496191024780273e-01
-1.062391638755798340e+00 -8.731291294097900391e-01
-8.495192527770996094e-01 -1.108516573905944824e+00
-1.471247553825378418e+00 -1.335312843322753906e+00
-6.012578606605529785e-01 -9.320277720689773560e-02
-1.107647538185119629e+00 -1.265997067093849182e-02
-6.657432317733764648e-01 -6.002508401870727539e-01
-6.169911623001098633e-01 -1.004615902900695801e+00
-1.068921685218811035e+00 -8.441992402076721191e-01
-2.774736583232879639e-01 -2.256664633750915527e-01
-9.129372835159301758e-01 -1.079906344413757324e+00
-6.039382815361022949e-01 -6.665500998497009277e-01
2.629633247852325439e-01 1.809414923191070557e-01
-1.093129873275756836e+00 -1.129882812500000000e+00
-1.223868727684020996e+00 -9.858636856079101562e-01
-7.644815444946289062e-01 -4.129152595996856689e-01
-1.006903052330017090e+00 -8.743947744369506836e-01
-8.613125681877136230e-01 -7.203593254089355469e-01
-1.229005694389343262e+00 -9.485318064689636230e-01
4.550865888595581055e-01 5.746195316314697266e-01
-2.823249101638793945e-01 -1.788187026977539062e-01
-5.343344211578369141e-01 -3.688373565673828125e-01
-1.374358534812927246e+00 -1.501915216445922852e+00
-1.324843764305114746e+00 -1.401258111000061035e+00
-9.162530303001403809e-01 -8.564410805702209473e-01
-3.645479083061218262e-01 -1.418300531804561615e-02
6.306488513946533203e-01 6.660695672035217285e-01
-2.021806576522067189e-04 -1.011268615722656250e+00
5.464321970939636230e-01 8.336094766855239868e-02
-3.120706379413604736e-01 -1.645256578922271729e-01
-7.476180791854858398e-01 -8.380171656608581543e-01
-3.899113833904266357e-01 -2.781432569026947021e-01
-1.364735215902328491e-01 1.082695201039314270e-01
-5.600374937057495117e-01 -3.868243694305419922e-01
-6.490375995635986328e-01 -6.627859473228454590e-01
-1.173179268836975098e+00 -1.088047504425048828e+00
-1.136786937713623047e+00 -1.052868962287902832e+00
4.977996274828910828e-02 -4.554013907909393311e-02
-8.441938757896423340e-01 -9.108788371086120605e-01
-1.241781353950500488e+00 -1.089993596076965332e+00
-1.064688444137573242e+00 -9.924043416976928711e-01
-1.534214735031127930e+00 -1.345693588256835938e+00
-4.580656886100769043e-01 -7.687913775444030762e-01
-9.840739965438842773e-01 -8.520235419273376465e-01
-1.317376017570495605e+00 -1.235161542892456055e+00
-5.463759899139404297e-01 -4.640417695045471191e-01
-2.306847721338272095e-01 -1.903347969055175781e-01
-7.198807001113891602e-01 -7.110249400138854980e-01
9.717025756835937500e-01 8.956314325332641602e-01
-1.038976311683654785e+00 -9.391663670539855957e-01
-6.949020028114318848e-01 -5.496090054512023926e-01
2.532054781913757324e-01 -9.150809049606323242e-02
-1.325572609901428223e+00 -1.235568761825561523e+00
1.120624423027038574e+00 1.054668903350830078e+00
-1.021916985511779785e+00 -9.894034266471862793e-01
-5.986682772636413574e-01 -1.008602142333984375e+00
-1.201257348060607910e+00 -1.163919329643249512e+00
-1.235306262969970703e+00 -1.137557983398437500e+00
-1.356820106506347656e+00 -1.281499862670898438e+00
-1.025400996208190918e+00 -9.510254263877868652e-01
8.901918679475784302e-02 -3.728862106800079346e-01
-9.009399414062500000e-01 -8.501130938529968262e-01
-9.009134173393249512e-01 -7.834563851356506348e-01
-1.464892506599426270e+00 -1.076755523681640625e+00
-1.299505710601806641e+00 -1.329092979431152344e-01
-1.017548084259033203e+00 -1.162451267242431641e+00
5.500277876853942871e-01 4.638530611991882324e-01
-8.637260794639587402e-01 -8.236626982688903809e-01
-7.574347257614135742e-01 -5.610626339912414551e-01
-5.675871372222900391e-01 -6.402499079704284668e-01
8.477887511253356934e-01 8.007314801216125488e-01
8.643423914909362793e-01 8.714688420295715332e-01
4.272732734680175781e-01 5.236870646476745605e-01
-2.009456008672714233e-01 -2.358351945877075195e-01
-1.739616990089416504e-01 2.576753497123718262e-01
-3.213467299938201904e-01 -1.549696624279022217e-01
-2.201664894819259644e-01 -8.652932010591030121e-03
-7.868551015853881836e-01 -9.133216142654418945e-01
-1.191440820693969727e+00 -1.525223493576049805e+00
-8.088216781616210938e-01 -9.174845218658447266e-01
-1.597197651863098145e+00 -1.249676823616027832e+00
-1.206674695014953613e+00 -1.315309166908264160e+00
-8.256273716688156128e-02 -8.919110521674156189e-03
-1.577870130538940430e+00 -9.876595735549926758e-01
-7.061842679977416992e-01 -1.092918276786804199e+00
-1.379853487014770508e+00 -1.227797150611877441e+00
-1.289698362350463867e+00 -1.236141085624694824e+00
4.475461840629577637e-01 4.421126544475555420e-01
-1.335698723793029785e+00 -1.388114333152770996e+00
-1.525145649909973145e+00 -1.641151070594787598e+00
-1.088692545890808105e+00 -1.284126162528991699e+00
-7.944512963294982910e-01 -8.352091312408447266e-01
-8.509982228279113770e-01 -9.328069686889648438e-01
-9.022988677024841309e-01 -1.217876911163330078e+00
-8.023653626441955566e-01 -1.076136589050292969e+00
-9.175542593002319336e-01 -1.132827281951904297e+00
-1.095201492309570312e+00 -1.113625168800354004e+00
-9.983024001121520996e-01 -6.953946352005004883e-01
-4.525579810142517090e-01 -4.316191077232360840e-01
1.431559622287750244e-01 1.158571019768714905e-01
-8.391366004943847656e-01 -1.015062570571899414e+00
-5.972463488578796387e-01 -4.073927402496337891e-01
-2.691641151905059814e-01 -2.444178313016891479e-01
8.165496587753295898e-01 6.213207244873046875e-01
-1.280558347702026367e+00 -1.400722861289978027e+00
-2.305166721343994141e+00 -2.271333932876586914e+00
-1.115744471549987793e+00 -1.124148249626159668e+00
-6.052127480506896973e-01 -7.160502076148986816e-01
-5.471848845481872559e-01 -6.110700368881225586e-01
-6.429003477096557617e-01 -6.118094325065612793e-01
-8.222450315952301025e-02 -2.128311544656753540e-01
5.077210068702697754e-01 3.431780934333801270e-01
5.155648589134216309e-01 6.192626953125000000e-01
6.630214452743530273e-01 5.746993422508239746e-01
-2.184987783432006836e+00 -2.379208803176879883e+00
-1.951184749603271484e+00 -1.771272063255310059e+00
-9.331128001213073730e-01 -1.134626984596252441e+00
-4.692140519618988037e-01 -3.975811004638671875e-01
-2.297625064849853516e+00 -2.348902463912963867e+00
-1.801175996661186218e-02 6.497102975845336914e-02
-2.262640953063964844e+00 -2.382144927978515625e+00
-2.041658878326416016e+00 -1.686581611633300781e+00
-1.993930220603942871e+00 -1.687331318855285645e+00
-6.332958340644836426e-01 -4.672366380691528320e-01
-4.046756029129028320e-01 -3.388513922691345215e-01
3.717822134494781494e-01 -2.820737063884735107e-01
-7.264603972434997559e-01 -7.110055685043334961e-01
4.604138806462287903e-02 1.193392947316169739e-01
3.422971665859222412e-01 1.193392947316169739e-01
-1.249791681766510010e-02 -1.186474040150642395e-01
7.831176519393920898e-01 4.776479005813598633e-01
7.223670184612274170e-02 1.438988596200942993e-01
-1.059762313961982727e-01 -2.399868369102478027e-01
3.441000580787658691e-01 4.002819061279296875e-01
-3.988648653030395508e-01 -9.419056177139282227e-01
-7.196594960987567902e-03 6.675174087285995483e-02
-2.306507676839828491e-01 -1.704071611166000366e-01
2.345640361309051514e-01 3.685984015464782715e-01
-1.429898858070373535e+00 -1.331243991851806641e+00
-7.499794960021972656e-01 -5.824124217033386230e-01
-8.732643127441406250e-01 -1.096132636070251465e+00
-5.884882211685180664e-01 -8.034598827362060547e-01
-8.746416568756103516e-01 -9.789146184921264648e-01
-1.041657090187072754e+00 -1.100813269615173340e+00
-2.398343384265899658e-02 -2.124894559383392334e-01
2.191106826066970825e-01 -1.402791310101747513e-02
2.110207378864288330e-01 -3.834849596023559570e-02
-1.553277611732482910e+00 -1.700797677040100098e+00
-1.265171885490417480e+00 -1.657417893409729004e+00
3.594234585762023926e-01 2.742872536182403564e-01
-1.913607865571975708e-01 -5.378608405590057373e-02
-3.134336471557617188e-01 3.958198428153991699e-02
-6.774901151657104492e-01 -9.659603834152221680e-01
-1.130796313285827637e+00 -1.101325273513793945e+00
-2.558104097843170166e-01 -2.448353767395019531e-01
-6.794573664665222168e-01 -7.836319208145141602e-01
-8.096061348915100098e-01 -1.033960938453674316e+00
4.693245291709899902e-01 -6.225794553756713867e-01
-1.313950717449188232e-01 -2.430279552936553955e-01
-5.022195577621459961e-01 -5.602484941482543945e-01
-5.004447102546691895e-01 -3.510833382606506348e-01
-5.555829778313636780e-02 -3.995166420936584473e-01
-1.033107042312622070e+00 -1.221191525459289551e+00
3.717871010303497314e-01 5.800237655639648438e-01
8.084126710891723633e-01 5.855473875999450684e-01
-4.623441398143768311e-01 -1.174698472023010254e+00
-1.562218427658081055e+00 -9.373404979705810547e-01
2.913277968764305115e-02 -2.456805482506752014e-02
-7.183606624603271484e-01 -9.827457666397094727e-01
-3.965143561363220215e-01 -4.778502583503723145e-01
6.772029399871826172e-02 -2.831357717514038086e-01
4.485497251152992249e-02 -2.102064788341522217e-01
-1.512646824121475220e-01 -1.607840508222579956e-01
5.960748717188835144e-02 1.680242121219635010e-01
5.481814742088317871e-01 5.667430758476257324e-01
-8.901915550231933594e-01 -1.019864797592163086e+00
-9.946709275245666504e-01 -1.655049204826354980e+00
-1.256000638008117676e+00 -1.104579210281372070e+00
-1.238249778747558594e+00 -9.792795777320861816e-01
-9.696680307388305664e-01 -9.063383936882019043e-01
-2.311242371797561646e-01 9.508937597274780273e-02
-1.082024931907653809e+00 -1.208924651145935059e+00
3.207324147224426270e-01 6.533070206642150879e-01
-1.146211624145507812e+00 -1.118141412734985352e+00
-1.435855150222778320e+00 -1.800038337707519531e+00
-6.252225041389465332e-01 -7.489520311355590820e-01
-1.967705488204956055e-01 -2.555287480354309082e-01
-7.783544249832630157e-03 -4.756793379783630371e-01
-1.630568861961364746e+00 -1.778458237648010254e+00
-4.111653566360473633e-01 -2.937507927417755127e-01
-1.243108034133911133e+00 -1.312836766242980957e+00
6.475011110305786133e-01 9.082249402999877930e-01
6.934821140021085739e-03 -3.540149331092834473e-01
3.678738176822662354e-01 5.177655220031738281e-01
2.908261418342590332e-01 3.282372653484344482e-01
-5.580263137817382812e-01 -6.221448183059692383e-01
-1.247725367546081543e+00 -1.316865086555480957e+00
-9.124253392219543457e-01 -1.311679363250732422e+00
-1.379618167877197266e+00 -1.617222666740417480e+00
3.551214933395385742e-01 -1.582235097885131836e-01
-5.349812507629394531e-01 -5.283880233764648438e-01
-5.725371837615966797e-01 -8.323929309844970703e-01
-1.386706829071044922e+00 -1.439218640327453613e+00
-7.552005052566528320e-01 -2.999566793441772461e-01
-7.340463995933532715e-01 -9.627704024314880371e-01
-2.954763174057006836e-01 -6.151162385940551758e-01
8.965604305267333984e-01 9.386249184608459473e-01
-6.111292839050292969e-01 -9.596528410911560059e-01
-1.419381380081176758e+00 -1.326061248779296875e+00
-1.251932144165039062e+00 -1.265192747116088867e+00
3.421045243740081787e-01 2.933540940284729004e-01
-6.130281090736389160e-01 -8.394792079925537109e-01
-7.023954987525939941e-01 -1.018073916435241699e+00
2.896108925342559814e-01 9.148047119379043579e-02
-1.073343873023986816e+00 -9.174769520759582520e-01
-8.807360529899597168e-01 -9.200329780578613281e-01
-9.083921909332275391e-01 -9.860234260559082031e-01
-2.597353756427764893e-01 -1.580273360013961792e-01
-8.347829580307006836e-01 -9.873313307762145996e-01
-1.464226007461547852e+00 -4.449979364871978760e-01
-1.189082622528076172e+00 -1.054031372070312500e+00
-8.462893962860107422e-01 -9.211510419845581055e-01
-9.392014741897583008e-01 -1.204788923263549805e+00
2.817510366439819336e-01 1.424424052238464355e-01
-6.698438525199890137e-01 -9.641513228416442871e-01
-1.222483038902282715e+00 -1.100968480110168457e+00
-1.216935634613037109e+00 -1.470971465110778809e+00
5.014350414276123047e-01 5.866591930389404297e-01
-1.291368722915649414e+00 -9.530463218688964844e-01
-8.371908962726593018e-02 -1.363524049520492554e-01
-7.004667520523071289e-01 -9.454423785209655762e-01
-3.228362798690795898e-01 -1.803130954504013062e-01
-7.348850369453430176e-01 -4.683932662010192871e-01
-1.179608702659606934e+00 -1.589669942855834961e+00
-7.608122229576110840e-01 -7.233486175537109375e-01
-6.515539884567260742e-01 -5.243090391159057617e-01
-4.832375645637512207e-01 -3.778086230158805847e-02
-1.179486036300659180e+00 -1.607842326164245605e+00
6.479170918464660645e-01 6.318577527999877930e-01
-3.849070668220520020e-01 -2.758384346961975098e-01
-2.167544513940811157e-01 1.772045530378818512e-02
-9.495083093643188477e-01 -1.185814499855041504e+00
-6.728036403656005859e-01 -8.091418743133544922e-01
-1.220342636108398438e+00 -1.323620319366455078e+00
4.398720629978924990e-04 1.187377050518989563e-01
-5.760922096669673920e-03 -3.822805285453796387e-01
-1.101080894470214844e+00 -1.109546184539794922e+00
-1.385028362274169922e+00 -1.374062657356262207e+00
-1.288467645645141602e+00 -1.132477164268493652e+00
2.171076536178588867e-01 2.477098107337951660e-01
-9.560410976409912109e-01 -8.846780061721801758e-01
-1.821447014808654785e-01 -1.191346496343612671e-01
-5.230816006660461426e-01 -8.133528232574462891e-01
-6.068788766860961914e-01 3.292854130268096924e-02
-4.885922372341156006e-01 -9.320015907287597656e-01
-4.543030261993408203e-01 -1.134335637092590332e+00
-9.262999892234802246e-01 -9.743708372116088867e-01
-9.266008138656616211e-01 -1.196465849876403809e+00
5.678757280111312866e-02 1.903431490063667297e-03
-1.049147129058837891e+00 4.357679188251495361e-02
1.506359577178955078e-01 6.397352367639541626e-02
-2.114293277263641357e-01 -7.206423282623291016e-01
-2.685524225234985352e-01 -1.643167436122894287e-01
-3.942575752735137939e-01 -7.049360275268554688e-01
-1.189952850341796875e+00 -1.410066008567810059e+00
-7.652837038040161133e-01 -8.265107870101928711e-01
-6.635830402374267578e-01 -5.481076240539550781e-01
9.699277281761169434e-01 1.018889546394348145e+00
-6.110712289810180664e-01 -1.007115840911865234e+00
-1.744055151939392090e-01 -1.917229890823364258e-01
-1.910402476787567139e-01 -3.257067203521728516e-01
-7.739544510841369629e-01 -6.643799543380737305e-01
-3.938861489295959473e-01 -3.294571638107299805e-01
4.838509261608123779e-01 3.558222949504852295e-01
-8.456763625144958496e-01 -6.587573289871215820e-01
2.884112894535064697e-01 2.150775045156478882e-01
-1.434741616249084473e+00 -1.510854363441467285e+00
-2.887051701545715332e-01 -3.294575810432434082e-01
-9.304952025413513184e-01 -6.342312097549438477e-01
-1.272597074508666992e+00 -1.256517767906188965e+00
-1.152935028076171875e+00 -1.018308281898498535e+00
-3.345604240894317627e-01 -1.232127845287322998e-01
-5.733135342597961426e-01 3.926870971918106079e-02
-1.376937747001647949e+00 -1.815023541450500488e+00
-1.100086569786071777e+00 -1.285742640495300293e+00
-1.385927677154541016e+00 -1.334667086601257324e+00
-6.807991862297058105e-01 -1.130847096443176270e+00
-8.987455964088439941e-01 -9.374251365661621094e-01
2.671342790126800537e-01 -9.840688705444335938e-01
-8.762114644050598145e-01 -7.964867353439331055e-01
-9.413278698921203613e-01 -9.449886083602905273e-01
-5.535424351692199707e-01 -6.258906126022338867e-01
-1.390445351600646973e+00 -1.606808781623840332e+00
-1.372738838195800781e+00 -1.593037962913513184e+00
-3.663902580738067627e-01 -9.155730009078979492e-01
-1.173641085624694824e+00 -1.383416056632995605e+00
2.673425972461700439e-01 3.315615057945251465e-01
-1.051478624343872070e+00 -8.729985952377319336e-01
-8.464694023132324219e-01 -8.730239272117614746e-01
-2.316347211599349976e-01 -3.217134475708007812e-01
-2.596300840377807617e-01 -3.719443082809448242e-01
-7.152566909790039062e-01 -6.626830697059631348e-01
3.705122470855712891e-01 4.613228440284729004e-01
-1.261799097061157227e+00 -1.232895493507385254e+00
-1.107108592987060547e+00 -1.109930634498596191e+00
-1.162883162498474121e+00 -1.559467196464538574e+00
-1.138591885566711426e+00 -1.435463309288024902e+00
-9.347010850906372070e-01 -1.148134589195251465e+00
-1.184185981750488281e+00 -1.431092619895935059e+00
-1.401434898376464844e+00 -1.298683285713195801e+00
-5.851396918296813965e-01 -6.767963171005249023e-01
2.932817041873931885e-01 3.637925386428833008e-01
-1.214464426040649414e+00 -1.154423236846923828e+00
-9.127542972564697266e-01 -9.589459896087646484e-01
-8.251501321792602539e-01 -1.108905434608459473e+00
-6.586974263191223145e-01 -5.607762336730957031e-01
-8.765100836753845215e-01 -1.174273610115051270e+00
-8.611238598823547363e-01 -8.580952882766723633e-01
6.227896809577941895e-01 -1.011076807975769043e+00
-7.151975035667419434e-01 -8.257051110267639160e-01
-6.585031151771545410e-01 -5.695109367370605469e-01
-8.011857271194458008e-01 -6.405638456344604492e-01
-2.688382565975189209e-01 -6.018062829971313477e-01
6.862078309059143066e-01 2.079540491104125977e-01
-1.511950016021728516e+00 -1.456870079040527344e+00
-1.027844429016113281e+00 -1.375666022300720215e+00
-7.250768542289733887e-01 -6.479787826538085938e-01
-1.494550824165344238e+00 -1.457844138145446777e+00
-8.829333782196044922e-01 -7.964912652969360352e-01
-2.619735300540924072e-01 6.078299283981323242e-01
-1.491178750991821289e+00 -8.504235744476318359e-01
-8.157644867897033691e-01 -8.154704570770263672e-01
-1.098364353179931641e+00 -1.111284732818603516e+00
-8.249512314796447754e-02 6.242904067039489746e-02
-1.096211552619934082e+00 -1.167473435401916504e+00
-8.773778676986694336e-01 -1.137033700942993164e+00
-1.286669254302978516e+00 -1.256214857101440430e+00
7.119431495666503906e-01 7.131177186965942383e-01
-1.417447209358215332e+00 -1.502171397209167480e+00
1.008006259799003601e-01 -1.616169512271881104e-01
-3.179948031902313232e-01 -2.763144969940185547e-01
-5.317147970199584961e-01 -6.566025614738464355e-01
-1.262606620788574219e+00 -1.270425558090209961e+00
8.822576999664306641e-01 8.660642504692077637e-01
-7.746785879135131836e-01 -4.855186939239501953e-01
-7.286906838417053223e-01 -5.888003706932067871e-01
1.029942750930786133e+00 1.019144892692565918e+00
4.137708544731140137e-01 -4.496029913425445557e-01
-1.105246663093566895e+00 -1.021978259086608887e+00
-1.317684292793273926e+00 -1.332586765289306641e+00
2.110408842563629150e-01 -7.974857091903686523e-01
-1.265998363494873047e+00 -1.369421362876892090e+00
-9.132126569747924805e-01 -8.336442708969116211e-01
-1.314237833023071289e+00 -1.110003352165222168e+00
-7.525106668472290039e-01 -7.575204968452453613e-01
-7.173140048980712891e-01 -7.556500434875488281e-01
3.658397793769836426e-01 5.125817060470581055e-01
-6.798815727233886719e-01 -4.029777050018310547e-01
-1.046041011810302734e+00 -1.183398842811584473e+00
-8.310774564743041992e-01 -1.062078356742858887e+00
-1.191806554794311523e+00 -1.072693228721618652e+00
-6.358648538589477539e-01 -1.217839643359184265e-01
7.636051774024963379e-01 6.273735165596008301e-01
-1.057748556137084961e+00 -9.437338709831237793e-01
-1.618427753448486328e+00 -1.319297909736633301e+00
1.166645884513854980e-01 -7.218731045722961426e-01
-6.152734756469726562e-01 -7.941147089004516602e-01
-4.955247342586517334e-01 -4.626083374023437500e-01
-1.464285254478454590e+00 -1.315115332603454590e+00
2.544042766094207764e-01 -9.824818372726440430e-01
-6.508199572563171387e-01 -1.163358569145202637e+00
1.054220438003540039e+00 1.172104001045227051e+00
-1.228267073631286621e+00 -1.208363652229309082e+00
4.431228339672088623e-01 -8.304028511047363281e-01
-1.042669296264648438e+00 -9.803437590599060059e-01
4.889579415321350098e-01 3.430853486061096191e-01
-6.118871569633483887e-01 -4.993239045143127441e-01
1.396624254994094372e-03 3.125148713588714600e-01
8.048233389854431152e-01 8.616132140159606934e-01
9.910084009170532227e-01 1.019745469093322754e+00
-1.336079955101013184e+00 -6.881619691848754883e-01
-6.740179657936096191e-01 -6.305141448974609375e-01
-6.462450623512268066e-01 -6.025488972663879395e-01
-1.952921599149703979e-01 -1.357957571744918823e-01
-1.578321456909179688e-01 -1.785948872566223145e-01
-2.088620662689208984e-01 -2.307597249746322632e-01
1.559398621320724487e-01 3.854388594627380371e-01
4.506641924381256104e-01 5.091239213943481445e-01
-2.144639343023300171e-01 -1.918461173772811890e-01
4.791584610939025879e-01 3.297987580299377441e-01
8.435441851615905762e-01 7.375047206878662109e-01
2.287559062242507935e-01 8.954011648893356323e-02
1.930381059646606445e-01 -6.817094087600708008e-01
4.337211549282073975e-01 6.060861349105834961e-01
-6.690053343772888184e-01 -8.193706274032592773e-01
4.527321085333824158e-02 -4.206233620643615723e-01
-1.093799829483032227e+00 -1.352924704551696777e+00
-1.180535316467285156e+00 -1.198889970779418945e+00
-8.138837814331054688e-01 -1.120252847671508789e+00
-9.164028167724609375e-01 -8.643372654914855957e-01
-6.404403448104858398e-01 -8.491509556770324707e-01
-9.348416328430175781e-02 1.915886439383029938e-02
-1.274477124214172363e+00 -1.359804034233093262e+00
-1.197534322738647461e+00 -1.701746821403503418e+00
1.155776739120483398e+00 1.572489291429519653e-01
-1.275777339935302734e+00 -1.284814834594726562e+00
-8.762778639793395996e-01 -7.264773249626159668e-01
-1.259368658065795898e+00 -1.080862522125244141e+00
-1.305555701255798340e+00 -1.550711870193481445e+00
9.834454059600830078e-01 9.801914095878601074e-01
6.291312724351882935e-02 -5.973190069198608398e-02
-9.250304698944091797e-01 -9.504244923591613770e-01
-1.231543183326721191e+00 -9.504244923591613770e-01
-1.313164114952087402e+00 -1.104175448417663574e+00
-7.208434343338012695e-01 -3.899987339973449707e-01
-9.298776388168334961e-01 -7.989162802696228027e-01
-1.897709667682647705e-01 -1.267017871141433716e-01
-2.027477025985717773e+00 -2.016579627990722656e+00
-2.199184596538543701e-01 3.337613940238952637e-01
-6.393727064132690430e-01 -4.154188036918640137e-01
4.478025138378143311e-01 3.434735238552093506e-01
-8.068841695785522461e-02 -5.475293993949890137e-01
-5.144800543785095215e-01 -8.627448678016662598e-01
-1.920280233025550842e-02 3.795585036277770996e-02
5.236293673515319824e-01 5.368916392326354980e-01
-9.642478823661804199e-01 -8.289788365364074707e-01
-9.767706990242004395e-01 -7.803193926811218262e-01
-2.984381280839443207e-02 -1.646726131439208984e-01
7.276445031166076660e-01 6.090146303176879883e-01
-3.037161111831665039e+00 -8.693290948867797852e-01
-2.239818334579467773e+00 -2.107900142669677734e+00
-7.367526888847351074e-01 -1.016916036605834961e+00
-2.150467395782470703e+00 -2.082388877868652344e+00
-1.343220353126525879e+00 -1.130970716476440430e+00
-8.460780978202819824e-01 -1.085566520690917969e+00
-1.428909301757812500e+00 -1.354029893875122070e+00
-5.055713057518005371e-01 2.490018457174301147e-01
4.182253777980804443e-02 4.700356721878051758e-02
4.922620952129364014e-02 3.808928728103637695e-01
-2.766218185424804688e-01 -4.200823307037353516e-01
1.621397137641906738e-01 -2.745870351791381836e-01
-4.590647518634796143e-01 -2.745870351791381836e-01
-2.882519662380218506e-01 -9.628368169069290161e-02
-1.241229623556137085e-01 3.134791553020477295e-02
-8.054381608963012695e-01 -7.448664903640747070e-01
-1.123980283737182617e+00 -7.602463960647583008e-01
3.231271505355834961e-01 1.714453287422657013e-02
-6.829894185066223145e-01 -5.890821814537048340e-01
-6.297069191932678223e-01 -1.217755973339080811e-01
8.496680855751037598e-01 8.946067094802856445e-01
-7.655112147331237793e-01 -7.275546789169311523e-01
-9.010110795497894287e-02 -1.552838236093521118e-01
-3.843402564525604248e-01 -7.262609153985977173e-02
4.634970724582672119e-01 3.112115561962127686e-01
3.923253118991851807e-01 2.515628635883331299e-01
-6.283040344715118408e-02 8.847311884164810181e-02
2.323208600282669067e-01 1.825977861881256104e-01
3.686915338039398193e-01 1.591739207506179810e-01
-3.660331070423126221e-01 -1.826378554105758667e-01
-1.247031331062316895e+00 -1.356727123260498047e+00
-6.557615399360656738e-01 -5.419681668281555176e-01
-4.080311655998229980e-01 -2.603710889816284180e-01
-1.615056991577148438e+00 -1.353912115097045898e+00
-8.640992641448974609e-01 -7.614887952804565430e-01
-1.150215983390808105e+00 -1.271559000015258789e+00
-1.189894199371337891e+00 -1.193180799484252930e+00
4.186923205852508545e-01 2.407343834638595581e-01
-1.038576126098632812e+00 -1.024178624153137207e+00
1.256802082061767578e+00 1.142160892486572266e+00
-8.911564946174621582e-01 -8.466132283210754395e-01
-6.452240943908691406e-01 -7.711353898048400879e-01
3.231950402259826660e-01 2.884471714496612549e-01
-9.132720232009887695e-01 -1.063444375991821289e+00
-2.223410904407501221e-01 -1.180988550186157227e-01
-1.131051182746887207e+00 -1.145602226257324219e+00
-9.953283667564392090e-01 -1.066143751144409180e+00
-5.049899220466613770e-01 4.164132177829742432e-01
-1.281907439231872559e+00 -1.284108400344848633e+00
-5.188734829425811768e-02 -1.641682833433151245e-01
-4.974379837512969971e-01 -4.654690027236938477e-01
-1.956279873847961426e+00 -8.266903162002563477e-01
-8.408766388893127441e-01 -7.907776832580566406e-01
-1.004574775695800781e+00 -1.043085098266601562e+00
-2.278075218200683594e+00 -1.155932426452636719e+00
-4.654994308948516846e-01 -1.112928152084350586e+00
-1.162045955657958984e+00 -1.648809671401977539e+00
-9.386494755744934082e-01 -1.389150381088256836e+00
-3.482632637023925781e-01 -2.732707187533378601e-02
2.441919595003128052e-01 2.887051105499267578e-01
-5.944402813911437988e-01 -6.052703857421875000e-01
1.747732758522033691e-01 -1.886716932058334351e-01
-1.459812760353088379e+00 -1.565256595611572266e+00
-2.526052474975585938e+00 -1.500719785690307617e+00
9.114548563957214355e-02 1.372170299291610718e-01
-4.787940979003906250e-01 -1.110932826995849609e+00
-7.551448941230773926e-01 -8.427402377128601074e-01
1.952729672193527222e-01 1.842518448829650879e-01
3.137238621711730957e-01 6.326182484626770020e-01
7.748917937278747559e-01 6.369467377662658691e-01
2.712204754352569580e-01 3.092080950736999512e-01
4.206949472427368164e-01 5.334275960922241211e-01
-8.238300681114196777e-01 -6.005240678787231445e-01
-1.339379549026489258e+00 -1.232608318328857422e+00
-1.165822744369506836e+00 -1.233320713043212891e+00
3.589181578718125820e-04 -3.380618691444396973e-01
-6.203373670578002930e-01 -4.589317440986633301e-01
-9.565394520759582520e-01 -9.691112637519836426e-01
-6.466227769851684570e-01 7.139240950345993042e-02
-1.415324091911315918e+00 -9.247008562088012695e-01
-6.366296410560607910e-01 -7.404977679252624512e-01
1.090327501296997070e-01 -4.018261283636093140e-02
7.530893087387084961e-01 4.151755571365356445e-01
-5.780233740806579590e-01 -2.704093158245086670e-01
-1.711167573928833008e+00 -1.609198331832885742e+00
-2.172329723834991455e-01 -3.264184594154357910e-01
4.119900166988372803e-01 4.820890128612518311e-01
6.942684054374694824e-01 5.551775097846984863e-01
-7.911592721939086914e-01 -9.348189234733581543e-01
-7.811328172683715820e-01 -1.218429565429687500e+00
-2.467845916748046875e+00 -1.256011366844177246e+00
-1.177424430847167969e+00 -1.189688205718994141e+00
-7.958281040191650391e-01 -9.088966250419616699e-01
4.293537437915802002e-01 4.639149308204650879e-01
4.461941719055175781e-01 5.356080532073974609e-01
3.694522380828857422e-01 2.555297017097473145e-01
2.437214739620685577e-02 -4.518713653087615967e-01
5.015832185745239258e-01 4.193215966224670410e-01
-1.252391815185546875e+00 -1.333097100257873535e+00
2.592506110668182373e-01 -1.709531694650650024e-01
6.696085929870605469e-01 5.609761476516723633e-01
-2.718101739883422852e-01 -9.469310641288757324e-01
-8.938229680061340332e-01 -8.615148663520812988e-01
-1.249388098716735840e+00 -1.409863829612731934e+00
-2.364756315946578979e-01 -2.137414366006851196e-01
-8.120444416999816895e-01 -5.865294933319091797e-01
-1.118706345558166504e+00 -1.120661258697509766e+00
-1.076666951179504395e+00 -9.203484058380126953e-01
-7.838040590286254883e-01 -6.913466453552246094e-01
3.985909745097160339e-02 -2.509749233722686768e-01
1.257059872150421143e-01 5.066107511520385742e-01
-2.477006018161773682e-01 8.630517125129699707e-02
-7.081075310707092285e-01 -5.132001638412475586e-01
-1.300977349281311035e+00 -1.278614521026611328e+00
-7.918998599052429199e-01 -1.015371084213256836e+00
-2.227408289909362793e-01 -7.194830775260925293e-01
-1.069985866546630859e+00 -9.709946513175964355e-01
4.016256034374237061e-01 3.822982907295227051e-01
4.527967572212219238e-01 3.822982907295227051e-01
-8.180449604988098145e-01 -5.343011021614074707e-01
-9.878027439117431641e-01 -1.279442429542541504e+00
-5.628963112831115723e-01 -1.020052075386047363e+00
-9.602183103561401367e-01 -1.115932941436767578e+00
-7.085931301116943359e-01 -9.282439351081848145e-01
-1.391556739807128906e+00 -1.433275699615478516e+00
-7.978038787841796875e-01 -7.184723019599914551e-01
-1.020684018731117249e-01 -1.920175999402999878e-01
3.727590739727020264e-01 2.818548977375030518e-01
3.277566432952880859e-01 2.818548977375030518e-01
-2.718167006969451904e-01 -7.341163605451583862e-02
2.412414401769638062e-01 1.257066279649734497e-01
1.041210964322090149e-01 1.484595686197280884e-01
-6.340531110763549805e-01 -4.880738854408264160e-01
-8.109514713287353516e-01 -1.028931975364685059e+00
-1.008865475654602051e+00 -9.838168025016784668e-01
7.606497406959533691e-01 1.135391592979431152e+00
3.015562891960144043e-01 2.591550052165985107e-01
-1.857489906251430511e-02 4.990603774785995483e-02
-7.847973704338073730e-01 -7.529373764991760254e-01
-8.076419234275817871e-01 -8.515627384185791016e-01
-1.104145765304565430e+00 -1.088870525360107422e+00
-5.484401583671569824e-01 -1.088870525360107422e+00
-9.917779564857482910e-01 -5.961487889289855957e-01
-1.000210642814636230e+00 -1.024085283279418945e+00
-1.128097772598266602e+00 -1.002146482467651367e+00
-1.098174214363098145e+00 -1.128219127655029297e+00
5.480210781097412109e-01 -4.386990070343017578e-01
1.315400242805480957e+00 7.235623002052307129e-01
-2.677860498428344727e+00 -1.830725669860839844e+00
-9.453561305999755859e-01 -5.039154887199401855e-01
-7.137520313262939453e-01 -1.053982019424438477e+00
1.166640445590019226e-01 4.042989760637283325e-02
-3.368484973907470703e-01 3.355890214443206787e-01
-7.751244306564331055e-01 -6.329639554023742676e-01
-1.317786931991577148e+00 -1.239801645278930664e+00
-2.774826437234878540e-02 1.186274737119674683e-01
1.351706385612487793e-01 1.208439618349075317e-01
4.505171254277229309e-02 -9.252490103244781494e-02
7.282864451408386230e-01 4.338591992855072021e-01
-9.769164323806762695e-01 3.211154937744140625e-01
-3.582386970520019531e-01 -3.542652130126953125e-01
-8.292403817176818848e-01 -3.671810030937194824e-01
-9.040206670761108398e-02 3.580728769302368164e-01
-3.249805271625518799e-01 7.846333086490631104e-03
-3.135758340358734131e-01 -5.830600857734680176e-01
5.577203035354614258e-01 4.395280480384826660e-01
-4.796068966388702393e-01 -5.267148613929748535e-01
-1.169023633003234863e+00 -1.186028003692626953e+00
-4.531230032444000244e-01 8.360185474157333374e-02
-1.135981678962707520e+00 -1.361842155456542969e+00
-2.351938486099243164e-01 -1.148409768939018250e-01
-2.320730686187744141e+00 -1.361842155456542969e+00
-8.013288378715515137e-01 -6.712490916252136230e-01
-3.058544695377349854e-01 -1.263992339372634888e-01
-4.919717609882354736e-01 -5.329306721687316895e-01
1.830625385046005249e-01 1.524719446897506714e-01
-1.397761225700378418e+00 -1.304840564727783203e+00
-1.358777046203613281e+00 -1.280516624450683594e+00
-4.786289334297180176e-01 -4.104167520999908447e-01
-4.573519229888916016e-01 1.791344732046127319e-01
-2.069390416145324707e-01 -8.726709485054016113e-01
-5.446391105651855469e-01 -1.619417518377304077e-01
-7.859194874763488770e-01 -7.148324847221374512e-01
-5.205252021551132202e-02 1.140491813421249390e-01
-8.078183531761169434e-01 -7.096915841102600098e-01
-9.339635372161865234e-01 -1.061092376708984375e+00
-1.395512670278549194e-01 -3.687145411968231201e-01
-1.080064058303833008e+00 -1.070619225502014160e+00
-5.378955602645874023e-01 -2.873222231864929199e-01
-1.482761263847351074e+00 -1.318845987319946289e+00
-2.601639628410339355e-01 -2.165591865777969360e-01
-9.998546838760375977e-01 -1.206081748008728027e+00
-1.302020907402038574e+00 -1.397377252578735352e+00
-1.050634026527404785e+00 -1.031092286109924316e+00
-5.534618496894836426e-01 -6.855496764183044434e-01
-1.742877960205078125e+00 -1.730093598365783691e+00
-8.092469573020935059e-01 -9.593074917793273926e-01
-5.087639093399047852e-01 -1.426068395376205444e-01
-6.719498634338378906e-01 -5.381014943122863770e-01
-2.307441473007202148e+00 -1.395004749298095703e+00
-8.934143781661987305e-01 -7.612421512603759766e-01
-5.296027660369873047e-01 1.109619140625000000e-01
-4.662697911262512207e-01 -2.227224037051200867e-02
-1.101666092872619629e+00 -9.434027075767517090e-01
-3.882969319820404053e-01 -1.753003001213073730e-01
-6.038563847541809082e-01 -4.486910104751586914e-01
-4.576334357261657715e-01 1.391052454710006714e-01
-6.811599731445312500e-01 -6.777717471122741699e-01
1.008650183677673340e+00 8.179967999458312988e-01
-2.388632893562316895e-01 -4.771393537521362305e-01
-6.731920838356018066e-01 -6.356323361396789551e-01
-1.334089398384094238e+00 -1.193149328231811523e+00
-1.310364007949829102e+00 -1.236078023910522461e+00
-1.192531228065490723e+00 -1.118579864501953125e+00
-8.120357394218444824e-01 -7.778291106224060059e-01
-1.314743280410766602e+00 -1.255422830581665039e+00
-7.954245209693908691e-01 -8.383534550666809082e-01
-1.124867200851440430e+00 -1.175814628601074219e+00
-5.208067297935485840e-01 -7.151049375534057617e-01
-5.518732666969299316e-01 -1.081425666809082031e+00
4.094405770301818848e-01 3.939306139945983887e-01
-5.701366066932678223e-01 3.411391377449035645e-01
2.437443435192108154e-01 5.351008474826812744e-02
-2.055639028549194336e-01 -4.558167457580566406e-01
2.199848592281341553e-01 5.040894448757171631e-02
-1.042377471923828125e+00 -1.154453277587890625e+00
-2.893608212471008301e-01 -1.854051202535629272e-01
-7.255287170410156250e-01 -1.100048184394836426e+00
-8.298997282981872559e-01 -8.092877864837646484e-01
-2.943697571754455566e-01 -3.847673535346984863e-01
-9.929974079132080078e-01 -1.186555385589599609e+00
-7.506366372108459473e-01 -9.304851293563842773e-01
-7.525832056999206543e-01 -2.303705960512161255e-01
-9.291902780532836914e-01 -8.201882243156433105e-01
-5.471799969673156738e-01 -3.058620095252990723e-01
-5.530772209167480469e-01 -3.058620095252990723e-01
3.974331542849540710e-02 -6.095014512538909912e-02
-1.142519116401672363e+00 -1.177988529205322266e+00
-9.002570509910583496e-01 -1.184657573699951172e+00
5.336967110633850098e-01 3.738196790218353271e-01
-2.157511711120605469e-01 -9.676332771778106689e-02
9.863466620445251465e-01 8.287600278854370117e-01
4.010860025882720947e-01 8.190125972032546997e-02
-1.366835117340087891e+00 -1.107635736465454102e+00
-3.121631443500518799e-01 -7.515475153923034668e-02
-8.842276334762573242e-01 -8.593637347221374512e-01
-3.951337933540344238e-01 -4.878520369529724121e-01
-5.280103683471679688e-01 -5.768961310386657715e-01
1.016805022954940796e-01 1.335801035165786743e-01
9.788244962692260742e-01 1.204616665840148926e+00
-5.810908079147338867e-01 -1.462885141372680664e-01
-1.368720173835754395e+00 -1.316677451133728027e+00
-8.455187678337097168e-01 -7.690656781196594238e-01
-8.930701613426208496e-01 -7.690657377243041992e-01
3.771455585956573486e-01 6.437438130378723145e-01
6.761658787727355957e-01 1.006639480590820312e+00
-7.898617386817932129e-01 -8.853715062141418457e-01
-1.306052327156066895e+00 -1.191661834716796875e+00
-7.156119346618652344e-01 -5.820954442024230957e-01
-1.228373408317565918e+00 -1.028353929519653320e+00
-1.875393539667129517e-01 -2.321864217519760132e-01
9.851168394088745117e-01 1.117092967033386230e+00
-8.079872131347656250e-01 -1.012858629226684570e+00
1.028661608695983887e+00 9.225803017616271973e-01
-8.126832246780395508e-01 -1.284206748008728027e+00
-5.265452861785888672e-01 -5.650743842124938965e-01
6.313076615333557129e-01 -2.378014177083969116e-01
4.113455116748809814e-01 4.590028524398803711e-02
-1.016261458396911621e+00 -9.772920012474060059e-01
-9.294558167457580566e-01 -8.063395023345947266e-01
1.340162009000778198e-01 -1.202536281198263168e-02
-6.386423110961914062e-01 -6.315951943397521973e-01
-7.009048461914062500e-01 -5.295377969741821289e-01
-1.050745010375976562e+00 -7.971298694610595703e-01
-5.715306401252746582e-01 -5.700730681419372559e-01
6.526440978050231934e-01 7.379709482192993164e-01
9.433652162551879883e-01 1.070269703865051270e+00
5.412314534187316895e-01 6.432375311851501465e-01
-1.403987705707550049e-01 -1.708441674709320068e-01
7.029195427894592285e-01 7.260279655456542969e-01
-2.254739046096801758e+00 -8.439312577247619629e-01
4.121834933757781982e-01 -1.155701801180839539e-01
-1.156223177909851074e+00 -1.065196871757507324e+00
-1.038354039192199707e+00 -9.842965602874755859e-01
-8.409022092819213867e-01 -8.483383059501647949e-01
-9.029172360897064209e-02 5.790999159216880798e-02
3.813962638378143311e-01 1.695428788661956787e-01
9.935964941978454590e-01 -3.009175956249237061e-01
-1.248323678970336914e+00 -1.498479723930358887e+00
-1.412957906723022461e+00 -1.382245898246765137e+00
-1.227990627288818359e+00 -1.103823542594909668e+00
-6.339296102523803711e-01 -6.467972397804260254e-01
-1.017512559890747070e+00 -1.046340346336364746e+00
-1.234084010124206543e+00 -9.935514330863952637e-01
-1.873336553573608398e+00 -8.645815253257751465e-01
-1.277331233024597168e+00 -1.244552731513977051e+00
-1.088136434555053711e+00 -9.266266226768493652e-01
-1.203696012496948242e+00 -1.311173558235168457e+00
-1.133994936943054199e+00 -1.310974001884460449e+00
-1.221117734909057617e+00 -9.361378550529479980e-01
-1.218303918838500977e+00 -1.136228561401367188e+00
4.761354029178619385e-01 6.094458103179931641e-01
9.613006561994552612e-02 2.056974917650222778e-01
8.606062829494476318e-02 4.406126439571380615e-01
-1.178007602691650391e+00 -1.090136051177978516e+00
6.441176533699035645e-01 4.571844041347503662e-01
-1.058435440063476562e+00 -1.076848745346069336e+00
-7.038303613662719727e-01 -7.597292065620422363e-01
1.031864285469055176e+00 1.099521756172180176e+00
-6.224653124809265137e-01 -6.889507770538330078e-01
-5.603830888867378235e-02 -5.638777017593383789e-01
-9.663556814193725586e-01 -1.126560091972351074e+00
-5.325313806533813477e-01 -9.723343253135681152e-01
1.339061498641967773e+00 5.742233395576477051e-01
-8.363418579101562500e-01 -1.150866389274597168e+00
-4.261232018470764160e-01 -2.373475879430770874e-01
-2.306545712053775787e-02 5.552249029278755188e-02
-1.733125746250152588e-01 -3.189439475536346436e-01
-8.974463939666748047e-01 -8.897930979728698730e-01
7.801774740219116211e-01 5.277307629585266113e-01
-6.863731145858764648e-02 -1.066981628537178040e-02
-6.120637655258178711e-01 -3.267018795013427734e-01
4.588199853897094727e-01 6.062362790107727051e-01
9.617863595485687256e-02 9.831400215625762939e-02
-2.153420448303222656e+00 -2.242176294326782227e+00
-1.921770572662353516e+00 -1.955497384071350098e+00
6.228741407394409180e-01 -6.592647731304168701e-02
4.951030910015106201e-01 5.160033106803894043e-01
-3.874828815460205078e-01 -3.660567700862884521e-01
-3.197691440582275391e-01 -2.495734542608261108e-01
-5.040500778704881668e-03 6.933647394180297852e-02
-7.511042356491088867e-01 -1.362389624118804932e-01
-4.468971788883209229e-01 -1.605589985847473145e-01
-6.976817846298217773e-01 -4.574046432971954346e-01
-6.280497312545776367e-01 -1.655804216861724854e-01
-2.685219421982765198e-02 2.223819941282272339e-01
-1.200565695762634277e+00 -1.113834500312805176e+00
-1.251972198486328125e+00 -1.178084492683410645e+00
-1.260791659355163574e+00 -1.199587702751159668e+00
-4.906062781810760498e-02 -6.492444872856140137e-02
2.928105592727661133e-01 1.949576139450073242e-01
3.115111589431762695e-01 2.401070743799209595e-01
2.446511536836624146e-01 2.295345813035964966e-01
-6.954836249351501465e-01 -9.421830773353576660e-01
-1.441538929939270020e+00 -9.416101574897766113e-01
-8.760704658925533295e-03 -7.075117528438568115e-02
-1.012419581413269043e+00 -9.587176442146301270e-01
3.307509720325469971e-01 3.478046357631683350e-01
-5.223442912101745605e-01 -8.968849778175354004e-01
-1.132618039846420288e-01 -2.073379606008529663e-01
-6.009224653244018555e-01 -6.421839594841003418e-01
-1.181962728500366211e+00 -1.334033250808715820e+00
-8.155635595321655273e-01 -9.295710325241088867e-01
-1.248336195945739746e+00 -1.159540534019470215e+00
-7.113783359527587891e-01 -6.904647946357727051e-01
-8.693193793296813965e-01 -1.106007456779479980e+00
-2.806542158126831055e+00 -1.598564505577087402e+00
-5.238071680068969727e-01 -6.964138746261596680e-01
-8.110702633857727051e-01 -9.108294844627380371e-01
-1.092523694038391113e+00 -1.058443665504455566e+00
3.080384433269500732e-01 3.514533638954162598e-01
2.035440057516098022e-01 -2.438028603792190552e-01
-8.543170690536499023e-01 -5.978252291679382324e-01
-7.072619795799255371e-01 -8.810061812400817871e-01
-1.048722028732299805e+00 -1.003534555435180664e+00
-1.192628860473632812e+00 -1.287409901618957520e+00
-1.836139321327209473e+00 -6.606487631797790527e-01
-1.412307143211364746e+00 -1.893971562385559082e+00
-1.312044620513916016e+00 -1.433042168617248535e+00
-1.433751434087753296e-01 -1.165586262941360474e-01
-1.079935908317565918e+00 -8.764530420303344727e-01
-4.838506579399108887e-01 -9.239624142646789551e-01
-9.872176051139831543e-01 -1.205125927925109863e+00
1.814841479063034058e-01 1.449038237333297729e-01
2.508617565035820007e-02 -4.058028012514114380e-02
-4.738184809684753418e-01 -3.623697459697723389e-01
-3.954748809337615967e-01 -4.211654365062713623e-01
-1.573330909013748169e-01 -6.248170509934425354e-03
-3.646325494628399611e-04 1.377966254949569702e-01
2.448439449071884155e-01 2.877378165721893311e-01
5.933027267456054688e-01 6.917421817779541016e-01
-2.364145040512084961e+00 -1.689897656440734863e+00
-1.713876008987426758e+00 -1.455928921699523926e+00
1.926515698432922363e-01 1.962329745292663574e-01
5.082359910011291504e-01 4.129762053489685059e-01
1.231560036540031433e-01 -1.140962988138198853e-01
-1.517664551734924316e+00 -1.243646740913391113e+00
-4.902057349681854248e-01 -8.041211217641830444e-02
-7.016448378562927246e-01 -7.760754227638244629e-01
-1.508750170469284058e-01 -1.516248285770416260e-01
2.507403790950775146e-01 2.858256399631500244e-01
3.344388008117675781e-01 2.858256399631500244e-01
-4.899049103260040283e-01 -9.743888974189758301e-01
-8.851046562194824219e-01 -9.743769764900207520e-01
-8.059134483337402344e-01 -5.058044791221618652e-01
-5.273054838180541992e-01 -4.608789384365081787e-01
4.142043292522430420e-01 6.184941530227661133e-01
-2.641255259513854980e-01 -2.621251642704010010e-01
4.679465591907501221e-01 4.633236229419708252e-01
-8.892997503280639648e-01 -1.022043347358703613e+00
7.541899085044860840e-01 6.280445456504821777e-01
-1.355605602264404297e+00 -1.631610989570617676e+00
-3.658683598041534424e-01 -2.797857820987701416e-01
-5.356795191764831543e-01 -6.283326148986816406e-01
5.697839260101318359e-01 5.041895508766174316e-01
-2.503120899200439453e-01 -4.014449715614318848e-01
-1.466616153717041016e+00 -1.191102147102355957e+00
-6.194347739219665527e-01 -8.850296139717102051e-01
-1.060222148895263672e+00 -8.850296139717102051e-01
-2.430948019027709961e-01 -4.125230610370635986e-01
-1.143579959869384766e+00 -1.114304900169372559e+00
-1.970706880092620850e-01 -5.776357054710388184e-01
-7.534829378128051758e-01 -5.776357054710388184e-01
5.146788433194160461e-02 -2.361786812543869019e-01
4.565037488937377930e-01 4.553078711032867432e-01
-1.536409109830856323e-01 -1.623022556304931641e-02
-1.357615113258361816e+00 -1.308392047882080078e+00
-3.400699198246002197e-01 -6.127690076828002930e-01
-3.929353654384613037e-01 -3.627955913543701172e-01
-8.317865729331970215e-01 -1.103122472763061523e+00
-1.293665528297424316e+00 -1.518793225288391113e+00
-9.305727481842041016e-01 -7.604592442512512207e-01
-2.000669389963150024e-01 8.557677268981933594e-03
-2.947063744068145752e-01 -2.286472320556640625e-01
5.806229077279567719e-03 -2.172978073358535767e-01
-1.166231632232666016e+00 -1.099124073982238770e+00
-1.374276757240295410e+00 -1.374008297920227051e+00
-5.543595552444458008e-01 -4.940686225891113281e-01
-8.883882761001586914e-01 -8.840411901473999023e-01
8.391848206520080566e-01 7.901414632797241211e-01
-1.077589988708496094e+00 -1.251582980155944824e+00
-9.584169387817382812e-01 -9.815728664398193359e-01
1.303519725799560547e+00 8.849021196365356445e-01
-1.011000275611877441e+00 -1.229962468147277832e+00
-7.213165163993835449e-01 -8.260778784751892090e-01
-9.563969969749450684e-01 -1.067061185836791992e+00
-1.315992355346679688e+00 -1.192797303199768066e+00
5.577767491340637207e-01 -8.369233608245849609e-01
8.392222225666046143e-02 1.497630625963211060e-01
-1.140941977500915527e+00 -1.227136850357055664e+00
4.042165279388427734e-01 4.333266913890838623e-01
-1.478393077850341797e-01 -9.583505988121032715e-02
4.143409430980682373e-02 6.658332049846649170e-02
-1.368576526641845703e+00 -1.168463110923767090e+00
-1.276100397109985352e+00 -1.208054542541503906e+00
-1.197678446769714355e+00 -1.357430338859558105e+00
5.172123312950134277e-01 -6.756614446640014648e-01
-7.940052151679992676e-01 -1.017291903495788574e+00
-8.150378465652465820e-01 -9.805267453193664551e-01
-8.051478266716003418e-01 -7.485494017601013184e-01
3.729065656661987305e-01 5.620731711387634277e-01
9.538106918334960938e-01 9.302814602851867676e-01
-1.005230188369750977e+00 -1.681094527244567871e+00
-1.772451162338256836e+00 -9.712302088737487793e-01
-9.337064027786254883e-01 -9.955704808235168457e-01
4.932218492031097412e-01 4.722269177436828613e-01
1.199261471629142761e-01 2.207581847906112671e-01
5.019472837448120117e-01 4.968707859516143799e-01
-9.707647562026977539e-02 -4.389025270938873291e-02
-1.837435178458690643e-02 -1.073726639151573181e-02
-7.843228578567504883e-01 -6.525775790214538574e-01
8.874235153198242188e-01 9.644613862037658691e-01
-7.309021353721618652e-01 -8.991279006004333496e-01
1.700620353221893311e-01 2.763802707195281982e-01
9.145864248275756836e-01 2.590899169445037842e-01
8.551948666572570801e-01 8.986772894859313965e-01
-4.230198860168457031e-01 -4.487851262092590332e-01
-8.353317975997924805e-01 -1.000132083892822266e+00
-8.701112121343612671e-02 3.020829260349273682e-01
7.348515838384628296e-02 1.545399278402328491e-01
-5.032586455345153809e-01 -9.885377287864685059e-01
-9.895361065864562988e-01 -9.273068308830261230e-01
-7.441315054893493652e-01 -6.667703390121459961e-01
-2.879383563995361328e+00 -1.631005644798278809e+00
-1.073496460914611816e+00 -1.150049090385437012e+00
-2.378035485744476318e-01 1.111237257719039917e-01
-2.132820039987564087e-01 -1.595601290464401245e-01
-2.165817916393280029e-01 -3.343427181243896484e-01
-1.039052963256835938e+00 -1.265939474105834961e+00
-7.366715073585510254e-01 -6.268753409385681152e-01
-2.051215916872024536e-01 7.844028472900390625e-01
-5.604184269905090332e-01 -7.580972313880920410e-01
5.853402614593505859e-01 -7.971835881471633911e-02
-8.151854276657104492e-01 -6.335900425910949707e-01
-4.186387062072753906e-01 -6.544999480247497559e-01
2.868156135082244873e-01 2.460482269525527954e-01
-1.107887983322143555e+00 -1.236342072486877441e+00
-1.344861865043640137e+00 -8.380087018013000488e-01
-4.055100381374359131e-01 -3.022088408470153809e-01
1.446418315172195435e-01 -1.044741272926330566e-01
-3.145879507064819336e-01 -8.355500549077987671e-02
-9.918596744537353516e-01 -8.883141875267028809e-01
2.223032712936401367e-01 -6.742948293685913086e-02
2.912328243255615234e-01 2.978747189044952393e-01
3.328453004360198975e-01 2.978747189044952393e-01
2.054549306631088257e-01 -5.950494408607482910e-01
-9.468455314636230469e-01 -9.326649904251098633e-01
-1.382532238960266113e+00 -1.107626676559448242e+00
-5.069592595100402832e-01 -3.956894278526306152e-01
1.599271595478057861e-01 1.479096859693527222e-01
6.741416454315185547e-01 5.120204091072082520e-01
-6.208465099334716797e-01 -3.580094873905181885e-01
-1.046749591827392578e+00 -1.121414780616760254e+00
5.478501915931701660e-01 6.146689057350158691e-01
-9.329286813735961914e-01 -1.044055819511413574e+00
-1.091310381889343262e+00 -1.387480616569519043e+00
-1.656221151351928711e+00 -4.270529448986053467e-01
-9.015055298805236816e-01 -9.768902659416198730e-01
-8.054345250129699707e-01 -7.562167048454284668e-01
-7.760319113731384277e-01 -1.164036631584167480e+00
-5.159841775894165039e-01 -3.347077071666717529e-01
-3.383185863494873047e-01 -2.520187795162200928e-01
9.557123780250549316e-01 9.769267439842224121e-01
-5.825794115662574768e-02 -1.423143595457077026e-01
-8.137111067771911621e-01 -6.005111336708068848e-01
2.739055752754211426e-01 -6.144641041755676270e-01
-1.307654500007629395e+00 -1.356143832206726074e+00
-7.031486630439758301e-01 -8.015312552452087402e-01
2.243524231016635895e-02 1.304088532924652100e-01
2.251731157302856445e-01 -6.368338465690612793e-01
6.755307316780090332e-02 7.703539729118347168e-02
4.604502320289611816e-01 6.667944788932800293e-01
-6.966908574104309082e-01 -5.962304472923278809e-01
-1.134536623954772949e+00 -8.777915835380554199e-01
1.181669354438781738e+00 9.912419915199279785e-01
-1.155288815498352051e+00 -1.565671324729919434e+00
-8.546932339668273926e-01 -8.321349620819091797e-01
9.335839152336120605e-01 8.802090883255004883e-01
-6.786286234855651855e-01 -7.691132426261901855e-01
-1.026943325996398926e+00 -1.109734416007995605e+00
1.181160807609558105e+00 7.877491116523742676e-01
1.070112705230712891e+00 1.047388315200805664e+00
-6.660380959510803223e-01 -5.353868007659912109e-01
-8.648142218589782715e-01 -1.312367320060729980e+00
-1.195795655250549316e+00 -1.018801331520080566e+00
-7.164615988731384277e-01 -8.927330374717712402e-01
-1.187192320823669434e+00 -1.101865530014038086e+00
-5.166251063346862793e-01 -5.653504729270935059e-01
-3.288114666938781738e-01 -1.947665512561798096e-01
2.626891806721687317e-02 5.201168730854988098e-02
-1.089690804481506348e+00 -5.430206656455993652e-01
-9.901232123374938965e-01 -7.623364329338073730e-01
-1.263070702552795410e+00 -1.178990364074707031e+00
-5.533380508422851562e-01 -6.183279156684875488e-01
-1.319332838058471680e+00 -1.062761425971984863e+00
-6.353598237037658691e-01 -6.146494150161743164e-01
-5.683350563049316406e-01 -7.354036569595336914e-01
-1.161865830421447754e+00 -1.130385041236877441e+00
-1.208120822906494141e+00 -4.081864655017852783e-01
-4.057107269763946533e-01 -6.090898513793945312e-01
-9.223434329032897949e-01 -6.099283099174499512e-01
-1.573027521371841431e-01 -1.587148755788803101e-01
-1.198114871978759766e+00 -1.227523922920227051e+00
-8.068680167198181152e-01 -8.512368798255920410e-01
-1.290880918502807617e+00 -1.391532778739929199e+00
1.079171657562255859e+00 1.130939126014709473e+00
-1.234062075614929199e+00 -1.086104273796081543e+00
-1.304943710565567017e-01 -8.928515017032623291e-02
8.254790902137756348e-01 1.480520814657211304e-01
-2.017204314470291138e-01 -1.244829773902893066e+00
-5.029851794242858887e-01 3.390050232410430908e-01
-1.281549215316772461e+00 -1.450216889381408691e+00
-1.814809918403625488e+00 -7.388693690299987793e-01
-6.726250052452087402e-01 -6.409058570861816406e-01
-7.768076062202453613e-01 -6.409058570861816406e-01
-6.651068925857543945e-01 -7.562757730484008789e-01
1.288831114768981934e+00 1.097244620323181152e+00
-1.177349448204040527e+00 -1.290377378463745117e+00
6.730493903160095215e-01 4.621909558773040771e-01
1.634966969490051270e+00 9.414334893226623535e-01
-1.159397602081298828e+00 -1.121046543121337891e+00
-1.076505899429321289e+00 -1.114984631538391113e+00
7.956219315528869629e-01 -3.484633564949035645e-01
6.267468929290771484e-01 6.717697978019714355e-01
-7.545989006757736206e-02 7.926045656204223633e-01
-5.256325006484985352e-01 -5.228136777877807617e-01
-6.337397694587707520e-01 -5.232964158058166504e-01
-5.381927490234375000e-01 -6.369698643684387207e-01
-7.158851027488708496e-01 -6.387459635734558105e-01
8.885660022497177124e-02 1.085560470819473267e-01
6.951987743377685547e-01 6.859436631202697754e-01
-1.680806428194046021e-01 7.021351158618927002e-02
6.262146234512329102e-01 9.351550042629241943e-02
-3.843852877616882324e-02 -2.048055976629257202e-01
-6.679134964942932129e-01 -7.651074528694152832e-01
1.083278894424438477e+00 1.085047960281372070e+00
-1.290192842483520508e+00 -1.318792462348937988e+00
-1.036705374717712402e+00 -1.158677458763122559e+00
7.709916830062866211e-01 -5.648591518402099609e-01
-3.629689812660217285e-01 -1.071821689605712891e+00
-9.417952299118041992e-01 -9.758854508399963379e-01
2.221095263957977295e-01 -5.604963898658752441e-01
-7.497451901435852051e-01 -6.024952530860900879e-01
-6.006638407707214355e-01 -5.347048044204711914e-01
-2.432335764169692993e-01 -8.246889710426330566e-02
4.146376848220825195e-01 -1.600604057312011719e-01
-3.863744437694549561e-02 -2.051738947629928589e-01
1.002980321645736694e-01 -2.071813493967056274e-01
4.784478247165679932e-01 5.230293273925781250e-01
-9.541252851486206055e-01 -7.569752335548400879e-01
-6.190793961286544800e-02 -4.020707607269287109e-01
-1.870973035693168640e-02 4.599714651703834534e-02
-3.269436955451965332e-01 1.445645540952682495e-01
-7.979899048805236816e-01 -1.040947675704956055e+00
-9.205315709114074707e-01 -9.748408794403076172e-01
-1.825007677078247070e+00 -9.826070070266723633e-01
-8.272019624710083008e-01 -9.826070070266723633e-01
6.129727363586425781e-01 2.558409869670867920e-01
8.856016993522644043e-01 9.736484289169311523e-01
-7.949174642562866211e-01 -9.357094764709472656e-01
1.113154411315917969e+00 1.097025632858276367e+00
-7.105970978736877441e-01 -1.001880884170532227e+00
8.198961615562438965e-01 1.102369904518127441e+00
-1.255443453788757324e+00 -1.505360603332519531e+00
-6.850264668464660645e-01 -7.016195058822631836e-01
1.038605570793151855e+00 1.010333895683288574e+00
-1.304434657096862793e+00 -9.801802635192871094e-01
1.003597736358642578e+00 1.179723739624023438e+00
-8.860661983489990234e-01 -9.411698579788208008e-01
1.041703581809997559e+00 1.109003305435180664e+00
1.029496669769287109e+00 1.160534620285034180e+00
8.680703639984130859e-01 1.037194013595581055e+00
1.223976239562034607e-01 1.954066157341003418e-01
-2.124425888061523438e+00 -2.245047092437744141e+00
-8.552452325820922852e-01 -1.054196357727050781e+00
-3.557537496089935303e-01 -6.311151385307312012e-01
4.931491911411285400e-01 3.979058265686035156e-01
-5.241519212722778320e-01 -5.716475844383239746e-01
-1.131722211837768555e+00 -8.979167938232421875e-01
-2.338802099227905273e+00 -2.264355182647705078e+00
-4.236766099929809570e-01 -2.506614029407501221e-01
-4.007112979888916016e-01 -2.347339987754821777e-01
-9.639265388250350952e-02 2.559448033571243286e-02
-4.454435408115386963e-01 -7.300947904586791992e-01
-1.379657864570617676e+00 -1.133594393730163574e+00
-1.860447049140930176e+00 -1.837759137153625488e+00
-3.758681192994117737e-02 8.406741917133331299e-02
-4.410512149333953857e-01 -2.254867106676101685e-01
3.568024560809135437e-02 -9.651079773902893066e-02
-4.656412079930305481e-02 -9.651543200016021729e-02
-2.154775857925415039e+00 -2.246764898300170898e+00
-1.334990262985229492e+00 -1.162369608879089355e+00
2.309624701738357544e-01 -6.973055601119995117e-01
1.656717509031295776e-01 1.420538723468780518e-01
9.261054545640945435e-02 -3.892774879932403564e-01
-2.821480333805084229e-01 -2.911019697785377502e-02
-7.032390236854553223e-01 -6.664037704467773438e-01
-5.113897919654846191e-01 -3.981521427631378174e-01
-6.907854676246643066e-01 -1.146867990493774414e+00
9.876208752393722534e-02 -1.125394366681575775e-02
1.750389933586120605e-01 3.300012946128845215e-01
-3.721850737929344177e-02 -1.106543689966201782e-01
-1.196879744529724121e+00 -4.679743647575378418e-01
6.973610818386077881e-02 2.072977572679519653e-01
3.287430405616760254e-01 2.094270884990692139e-01
7.509960979223251343e-02 2.682956159114837646e-01
-1.152217090129852295e-01 -4.453827068209648132e-02
-1.628871798515319824e+00 -1.689535617828369141e+00
-7.325642108917236328e-01 -4.087039828300476074e-01
-3.421341627836227417e-02 2.150905281305313110e-01
-1.135748863220214844e+00 -6.951733827590942383e-01
-1.136905908584594727e+00 -1.253569126129150391e+00
-7.612156271934509277e-01 -5.792582631111145020e-01
-1.343145608901977539e+00 -1.344751119613647461e+00
-6.683287024497985840e-01 -7.125776410102844238e-01
1.512429118156433105e-01 4.157731309533119202e-02
4.104607403278350830e-01 -4.084333181381225586e-01
-8.402515053749084473e-01 -1.110160350799560547e+00
-2.497273087501525879e-01 -3.484452366828918457e-01
-8.335373401641845703e-01 -9.144848585128784180e-01
2.212244644761085510e-02 2.539532184600830078e-01
-7.554138451814651489e-02 -1.466708034276962280e-01
1.966757178306579590e-01 8.507773280143737793e-02
-1.406924247741699219e+00 -1.228969335556030273e+00
-1.095711827278137207e+00 -1.014121890068054199e+00
-9.079951643943786621e-01 -1.041919231414794922e+00
-1.300708055496215820e+00 -1.736933231353759766e+00
-1.021958351135253906e+00 -1.311323523521423340e+00
-1.104125380516052246e+00 -9.432759881019592285e-01
6.550759822130203247e-02 8.519688248634338379e-02
-4.602546989917755127e-01 -5.629922747611999512e-01
-1.025629520416259766e+00 -1.017966747283935547e+00
9.993104338645935059e-01 8.237442970275878906e-01
-6.106942296028137207e-01 -2.343376576900482178e-01
-3.826796710491180420e-01 -2.732969820499420166e-01
-2.339106947183609009e-01 -2.732969820499420166e-01
-2.084408760070800781e+00 -1.737781047821044922e+00
-7.414639592170715332e-01 -7.802804708480834961e-01
-6.575429439544677734e-01 -7.147156596183776855e-01
-1.849606633186340332e+00 -8.027154803276062012e-01
-7.242934107780456543e-01 2.576555609703063965e-01
-2.358445167541503906e+00 -1.415979385375976562e+00
1.555462628602981567e-01 1.307564377784729004e-01
-3.452534079551696777e-01 -4.305209815502166748e-01
-5.737737938761711121e-02 2.397075295448303223e-01
7.618682980537414551e-01 5.133595466613769531e-01
-1.194697022438049316e+00 -1.435633897781372070e+00
-3.532628118991851807e-01 -8.525261878967285156e-01
2.629656493663787842e-01 3.335496783256530762e-01
-1.622413158416748047e+00 -1.537576198577880859e+00
-8.154881596565246582e-01 -1.312696576118469238e+00
-1.096538543701171875e+00 -1.256393194198608398e+00
8.323016762733459473e-01 5.730429887771606445e-01
-7.776368856430053711e-01 -7.384978532791137695e-01
-1.200288653373718262e+00 -1.126260042190551758e+00
-1.687070727348327637e+00 -1.574286460876464844e+00
-1.020085334777832031e+00 -1.674181938171386719e+00
-1.695704609155654907e-01 -1.904288530349731445e-01
-7.424266934394836426e-01 -1.236685752868652344e+00
4.474997818470001221e-01 4.554407000541687012e-01
-8.904187679290771484e-01 -7.330792546272277832e-01
-2.571315169334411621e-01 -3.157487809658050537e-01
-1.397938013076782227e+00 -8.769714832305908203e-01
-6.703939437866210938e-01 -9.919837117195129395e-01
-1.025833010673522949e+00 -6.273481845855712891e-01
-3.558261096477508545e-01 -6.866391897201538086e-01
-1.279698848724365234e+00 -1.393609642982482910e+00
-2.753630280494689941e-01 -4.990220069885253906e-01
-3.462852537631988525e-02 -5.579603835940361023e-02
9.552256762981414795e-02 7.496806979179382324e-02
2.930357158184051514e-01 3.027406036853790283e-01
-7.086335420608520508e-01 -9.691531658172607422e-01
-7.454391121864318848e-01 -9.674850702285766602e-01
5.265368819236755371e-01 4.758498966693878174e-01
4.382436871528625488e-01 3.453012704849243164e-01
2.637123167514801025e-01 -7.809854745864868164e-01
-5.116839408874511719e-01 -2.577502429485321045e-01
6.044573709368705750e-02 1.421716511249542236e-01
-1.125216007232666016e+00 -1.295637130737304688e+00
7.414050102233886719e-01 9.844439104199409485e-03
-1.181437015533447266e+00 -1.035886406898498535e+00
-9.748072624206542969e-01 -7.796440124511718750e-01
-1.519702672958374023e-01 -3.425832390785217285e-01
-1.096209883689880371e+00 -1.000771641731262207e+00
-7.810292840003967285e-01 -5.672320127487182617e-01
-3.289302587509155273e-01 -7.266956567764282227e-01
5.640802979469299316e-01 5.538673400878906250e-01
-5.167282819747924805e-01 -2.620096504688262939e-01
-2.141560465097427368e-01 -2.620096504688262939e-01
2.298421710729598999e-01 1.886095255613327026e-01
-1.331151485443115234e+00 -1.368986964225769043e+00
-4.332041442394256592e-01 -4.959937930107116699e-01
-7.653864026069641113e-01 -7.738985419273376465e-01
-1.358509659767150879e+00 -1.340395450592041016e+00
5.897346138954162598e-01 9.033653736114501953e-01
-9.819844365119934082e-01 -1.128730773925781250e+00
-9.766315668821334839e-02 -2.469327151775360107e-01
-1.201282858848571777e+00 -1.016849756240844727e+00
3.279009759426116943e-01 3.090126514434814453e-01
-6.430100202560424805e-01 -1.280299901962280273e+00
-2.667908430099487305e+00 -1.568742513656616211e+00
-2.400763750076293945e+00 -1.520687818527221680e+00
-2.901726774871349335e-02 -2.482223808765411377e-01
-4.030698537826538086e-01 -3.028752207756042480e-01
2.267913669347763062e-01 1.163098812103271484e-01
-1.410910277627408504e-03 -2.311195582151412964e-01
-1.642352640628814697e-01 -1.037845462560653687e-01
-7.985859513282775879e-01 -8.985588550567626953e-01
-1.346617698669433594e+00 -1.336659908294677734e+00
-1.073687791824340820e+00 -9.389047026634216309e-01
7.369223982095718384e-02 -5.276378989219665527e-02
7.802755385637283325e-02 1.545528471469879150e-01
-1.578986167907714844e+00 -1.445831418037414551e+00
-1.059835672378540039e+00 -1.131712079048156738e+00
-4.361365735530853271e-01 -5.526010990142822266e-01
-7.790840864181518555e-01 -7.561646699905395508e-01
-4.782932698726654053e-01 -6.127322316169738770e-01
6.091520190238952637e-01 5.103045105934143066e-01
4.728012084960937500e-01 3.521541357040405273e-01
-2.304359674453735352e+00 -1.395011544227600098e+00
-1.995763182640075684e-01 -1.566433757543563843e-01
6.362613439559936523e-01 5.948580503463745117e-01
-1.018013209104537964e-01 -3.493825197219848633e-01
-8.741609454154968262e-01 -7.445735335350036621e-01
-3.569099679589271545e-02 -1.227994710206985474e-01
-1.016377806663513184e-01 -6.011151522397994995e-02
5.326968431472778320e-02 6.780216693878173828e-01
4.287534356117248535e-01 6.213071942329406738e-01
-4.306411147117614746e-01 -4.988363087177276611e-01
-5.229672789573669434e-01 -4.797041714191436768e-01
1.733625084161758423e-01 6.881453096866607666e-02
-9.029935598373413086e-01 -7.028155922889709473e-01
-8.480132818222045898e-01 -9.794615507125854492e-01
1.964343488216400146e-01 2.106195688247680664e-01
-2.004307508468627930e-01 -1.367683410644531250e-01
4.756343066692352295e-01 -5.172794461250305176e-01
-1.519851326942443848e+00 -1.938586473464965820e+00
-8.821874856948852539e-01 -7.196815013885498047e-01
-7.341567277908325195e-01 -1.219354510307312012e+00
-7.418748736381530762e-02 -2.210247665643692017e-01
-9.140849709510803223e-01 -1.260231494903564453e+00
-8.875618875026702881e-02 -2.131594419479370117e-01
-9.650421887636184692e-02 -7.692267894744873047e-01
-2.238218545913696289e+00 -1.773926019668579102e+00
1.136614084243774414e-01 1.419361829757690430e-01
-2.756572961807250977e-01 6.204844713211059570e-01
-6.585975289344787598e-01 -5.850244164466857910e-01
-8.227757811546325684e-01 -1.190244436264038086e+00
7.488220334053039551e-01 8.665826916694641113e-01
1.459414511919021606e-02 3.437488079071044922e-01
3.146776258945465088e-01 2.423814833164215088e-01
-2.355014681816101074e-01 -5.444845557212829590e-01
-7.027493715286254883e-01 -3.335547447204589844e-01
-8.995097279548645020e-01 -7.272926568984985352e-01
-5.031390190124511719e-01 -8.752785921096801758e-01
-4.084103405475616455e-01 -6.930215954780578613e-01
-4.301223158836364746e-01 -5.269887447357177734e-01
-9.738569259643554688e-01 -1.146319627761840820e+00
2.954296469688415527e-01 3.834350407123565674e-02
8.888244628906250000e-02 1.174432784318923950e-02
-9.496364593505859375e-01 -8.882696628570556641e-01
-1.526580095291137695e+00 -1.296851277351379395e+00
-9.550621509552001953e-01 -1.189168810844421387e+00
-1.078724026679992676e+00 -9.991452097892761230e-01
-7.741559743881225586e-01 -6.844588518142700195e-01
9.327640533447265625e-01 8.839658498764038086e-01
-1.272320866584777832e+00 -1.261252880096435547e+00
-1.590059399604797363e+00 -1.392799973487854004e+00
-6.506663560867309570e-01 3.485640883445739746e-01
-2.024117410182952881e-01 -1.791968792676925659e-01
-1.028604865074157715e+00 -9.855072498321533203e-01
-3.247496485710144043e-01 -5.437382459640502930e-01
-9.270825982093811035e-01 -1.046730279922485352e+00
-5.138432979583740234e-01 -3.075749278068542480e-01
-9.499471187591552734e-01 -6.265227794647216797e-01
-9.020002484321594238e-01 -6.820716261863708496e-01
-8.173099756240844727e-01 -5.922514200210571289e-01
-8.975443989038467407e-02 -1.750097125768661499e-01
-2.023016661405563354e-01 -3.509764075279235840e-01
-1.021375656127929688e+00 -1.045572161674499512e+00
-4.425364136695861816e-01 -3.342233598232269287e-01
1.048964738845825195e+00 1.241041660308837891e+00
-1.444980144500732422e+00 -1.305917382240295410e+00
-3.460575044155120850e-01 -2.757204174995422363e-01
-3.386515080928802490e-01 -2.719309329986572266e-01
-8.233623504638671875e-01 -9.684737920761108398e-01
-1.082210183143615723e+00 -9.684737920761108398e-01
4.820398688316345215e-01 -6.969269514083862305e-01
-7.574884891510009766e-01 -5.234998464584350586e-01
-1.217128038406372070e+00 -1.347404003143310547e+00
-3.370898663997650146e-01 -2.469726204872131348e-01
-1.101149439811706543e+00 -8.350172042846679688e-01
-1.030365586280822754e+00 -9.614317417144775391e-01
-5.058612823486328125e-01 -5.701233148574829102e-01
-5.742257833480834961e-01 -7.163025140762329102e-01
1.014580845832824707e+00 7.567939162254333496e-01
-3.810388445854187012e-01 -3.422060906887054443e-01
-1.027318164706230164e-01 -2.850187122821807861e-01
-1.297053217887878418e+00 -1.234969615936279297e+00
-8.004409670829772949e-01 -5.407997369766235352e-01
-4.724388718605041504e-01 -5.700030326843261719e-01
-3.370319008827209473e-01 -2.213086634874343872e-01
-1.047527790069580078e+00 -1.035086393356323242e+00
-7.063767910003662109e-01 -5.609043836593627930e-01
-4.139760434627532959e-01 -6.414287686347961426e-01
2.246299554826691747e-04 7.820102572441101074e-02
-9.861482977867126465e-01 -9.567959308624267578e-01
-9.466024041175842285e-01 -8.332805037498474121e-01
-1.038189530372619629e+00 -1.098937869071960449e+00
1.900779157876968384e-01 2.043108344078063965e-01
-9.014536738395690918e-01 -5.758417248725891113e-01
-8.079353570938110352e-01 -6.367965936660766602e-01
1.033920168876647949e+00 1.044713735580444336e+00
9.575937390327453613e-01 9.511117935180664062e-01
-1.612991929054260254e+00 -6.954024434089660645e-01
-7.942870855331420898e-01 -8.736543059349060059e-01
-8.756118416786193848e-01 -8.711692094802856445e-01
-9.167666435241699219e-01 -8.852530717849731445e-01
2.508093714714050293e-01 2.099821344017982483e-02
-1.943736374378204346e-01 -8.553734421730041504e-02
5.376139655709266663e-02 6.814050674438476562e-02
-4.405223727226257324e-01 -4.279913306236267090e-01
3.551925122737884521e-01 -9.704744815826416016e-02
-6.336936950683593750e-01 -5.037220716476440430e-01
9.834764003753662109e-01 1.051947116851806641e+00
-5.144498348236083984e-01 -1.139477491378784180e-01
5.237656831741333008e-01 9.434384703636169434e-01
-1.769120991230010986e-02 -6.337236762046813965e-01
4.612113237380981445e-01 -2.667751014232635498e-01
7.214381694793701172e-01 8.613322377204895020e-01
-9.046992063522338867e-01 -8.927178978919982910e-01
8.397809863090515137e-01 8.640483617782592773e-01
3.513411432504653931e-02 -7.158364057540893555e-01
-7.985075712203979492e-01 -8.591957092285156250e-01
-1.589248180389404297e-01 -1.209919601678848267e-01
-2.988815307617187500e-01 -1.874689161777496338e-01
-5.611363053321838379e-01 -6.285849809646606445e-01
-6.828038096427917480e-01 -6.352933645248413086e-01
-3.232000768184661865e-01 -4.626353383064270020e-01
-1.160334467887878418e+00 -1.106709241867065430e+00
-8.916574716567993164e-01 -8.768942356109619141e-01
-1.029000282287597656e+00 -1.042982459068298340e+00
2.041683793067932129e-01 3.158142566680908203e-01
-1.738830685615539551e+00 -8.846823573112487793e-01
-1.066765308380126953e+00 -1.019853711128234863e+00
-9.696303009986877441e-01 -8.862597942352294922e-01
-8.610578179359436035e-01 -8.456470370292663574e-01
-6.338698863983154297e-01 -8.644545078277587891e-01
-1.059697628021240234e+00 -9.652758240699768066e-01
-9.861662387847900391e-01 -1.049589276313781738e+00
1.270186621695756912e-02 3.146934211254119873e-01
-1.049788236618041992e+00 -1.292841434478759766e+00
3.232018649578094482e-02 6.912872195243835449e-02
-1.318592905998229980e+00 -1.070180892944335938e+00
-7.222571969032287598e-01 -4.985628724098205566e-01
-7.658475041389465332e-01 -5.052037835121154785e-01
-7.480088472366333008e-01 -6.619245409965515137e-01
1.084798455238342285e+00 8.947269320487976074e-01
-7.061010003089904785e-01 -7.919775247573852539e-01
-1.312142461538314819e-01 -1.882314085960388184e-01
-2.081039547920227051e-01 -1.504978686571121216e-01
-2.032244056463241577e-01 -1.126905977725982666e-01
5.980946421623229980e-01 6.454115509986877441e-01
5.080727338790893555e-01 5.608327388763427734e-01
-1.016505733132362366e-01 -3.732299208641052246e-01
-3.114504814147949219e-01 -1.754302233457565308e-01
