-1.038722872734069824e+00 -1.068749189376831055e+00
-1.156313419342041016e+00 -1.044370174407958984e+00
-3.658332526683807373e-01 -2.893971204757690430e-01
-6.098295450210571289e-01 -6.299047470092773438e-01
6.024589538574218750e-01 5.586163401603698730e-01
-3.612856864929199219e-01 -2.960638999938964844e-01
-1.257974058389663696e-01 -1.673691421747207642e-01
-4.187832027673721313e-02 -1.394672393798828125e-01
-7.790389060974121094e-01 -6.954715847969055176e-01
-2.605141699314117432e-01 -4.706458151340484619e-01
-2.649626880884170532e-02 2.066372148692607880e-02
2.813034057617187500e-01 2.970875203609466553e-01
-7.527114748954772949e-01 -7.982099056243896484e-01
8.103090524673461914e-01 7.088615298271179199e-01
-8.593073487281799316e-01 -8.675899505615234375e-01
-9.540719389915466309e-01 -9.369217753410339355e-01
2.662994563579559326e-01 2.021629661321640015e-01
-5.924003720283508301e-01 -5.391180515289306641e-01
-8.821144104003906250e-01 -8.499395251274108887e-01
-6.664582490921020508e-01 -6.518411040306091309e-01
-1.591144800186157227e-01 -1.879690289497375488e-01
-7.622166872024536133e-01 -8.451772928237915039e-01
-1.702774167060852051e-01 -1.023238450288772583e-01
-2.274236232042312622e-01 -2.521483302116394043e-01
4.864973723888397217e-01 5.302665233612060547e-01
-3.477080166339874268e-01 -3.214292526245117188e-01
-8.313304781913757324e-01 -8.366173505783081055e-01
-4.858572185039520264e-01 -5.689118504524230957e-01
-9.112639427185058594e-01 -9.048446416854858398e-01
-7.553742527961730957e-01 -7.841013669967651367e-01
3.414484439417719841e-03 -3.342962637543678284e-02
-2.317521423101425171e-01 -2.040666937828063965e-01
-3.709064126014709473e-01 -4.060926437377929688e-01
1.169423818588256836e+00 1.126062989234924316e+00
9.100278615951538086e-01 8.736322522163391113e-01
-2.545759677886962891e-01 -2.444170713424682617e-01
1.250937283039093018e-01 1.095586866140365601e-01
-5.191985368728637695e-01 -4.972758591175079346e-01
6.001172661781311035e-01 6.482446789741516113e-01
1.254717230796813965e+00 1.201692223548889160e+00
6.185345053672790527e-01 6.544691920280456543e-01
7.504823207855224609e-01 8.223286271095275879e-01
1.714847832918167114e-01 7.350534945726394653e-02
1.352422595024108887e+00 1.301095843315124512e+00
5.849059820175170898e-01 5.930390954017639160e-01
-8.968276381492614746e-01 -9.482309222221374512e-01
9.102879762649536133e-01 8.997565507888793945e-01
-6.467412710189819336e-01 -6.106708645820617676e-01
-7.173125147819519043e-01 -6.152480244636535645e-01
-1.119662642478942871e+00 -1.055784702301025391e+00
-5.076622366905212402e-01 -4.683208763599395752e-01
-5.188031196594238281e-01 -4.373866319656372070e-01
-1.094180464744567871e+00 -1.088168263435363770e+00
-1.891474127769470215e-01 -1.625067740678787231e-01
-1.108033955097198486e-01 -2.178922146558761597e-01
5.155840516090393066e-01 5.320073962211608887e-01
-3.361612558364868164e-02 -1.045041084289550781e-01
-5.868455767631530762e-01 -5.859054327011108398e-01
-1.219360589981079102e+00 -1.057817816734313965e+00
-5.515508055686950684e-01 -4.510940909385681152e-01
-3.774174153804779053e-01 -3.427192568778991699e-01
5.402249097824096680e-01 4.230177402496337891e-01
8.462645411491394043e-01 8.568716645240783691e-01
-1.109696030616760254e+00 -1.077870249748229980e+00
-1.826358735561370850e-01 -1.871526837348937988e-01
5.215458869934082031e-01 4.566593170166015625e-01
-3.487710356712341309e-01 -3.194904625415802002e-01
6.513263583183288574e-01 6.961016058921813965e-01
-2.706072926521301270e-01 -2.453649938106536865e-01
-1.062158226966857910e+00 -1.047757983207702637e+00
-6.083782315254211426e-01 -6.129655838012695312e-01
8.262581825256347656e-01 8.541972637176513672e-01
-1.926225870847702026e-01 -3.582563400268554688e-01
-4.968541562557220459e-01 -5.151985883712768555e-01
-1.921858452260494232e-02 -9.284473210573196411e-02
7.660966515541076660e-01 8.449668884277343750e-01
2.500716745853424072e-01 8.146714419126510620e-02
-1.197641044855117798e-01 -1.695760190486907959e-01
7.331506013870239258e-01 7.731838226318359375e-01
-3.026130497455596924e-01 -4.379562139511108398e-01
-1.565811038017272949e-01 -2.082875370979309082e-01
-8.040691725909709930e-03 -4.742875695228576660e-02
7.926836609840393066e-01 7.610999941825866699e-01
-4.828685820102691650e-01 -3.540339469909667969e-01
-4.661164581775665283e-01 -4.514649510383605957e-01
-8.218424320220947266e-01 -6.694180965423583984e-01
-8.840906620025634766e-01 -6.310576200485229492e-01
1.686608910560607910e+00 1.750590682029724121e+00
-3.562847673892974854e-01 -3.019721508026123047e-01
8.509151935577392578e-01 7.069278955459594727e-01
-3.109628558158874512e-01 -2.576484382152557373e-01
-9.336950778961181641e-01 -9.510173797607421875e-01
-2.688533663749694824e-01 -3.407391905784606934e-01
-8.514047414064407349e-02 -1.315230727195739746e-01
8.454138636589050293e-01 8.385868668556213379e-01
-3.260651826858520508e-01 -3.484928011894226074e-01
-6.592667698860168457e-01 -5.517129898071289062e-01
-8.566759824752807617e-01 -8.650571107864379883e-01
-1.744721829891204834e-01 -1.383444964885711670e-01
-8.001642227172851562e-01 -7.984364032745361328e-01
8.193124532699584961e-01 8.282510638236999512e-01
-1.902417242527008057e-01 -1.728752255439758301e-01
-7.144321501255035400e-02 -1.416820287704467773e-01
1.633263975381851196e-01 1.820832192897796631e-01
-7.963501214981079102e-01 -7.751552462577819824e-01
3.698821663856506348e-01 4.167904555797576904e-01
-3.636023104190826416e-01 -2.593162953853607178e-01
-2.385944426059722900e-01 -2.697435319423675537e-01
8.330755829811096191e-01 7.989609837532043457e-01
-1.511731147766113281e-01 -2.068080604076385498e-01
-5.574156641960144043e-01 -4.788571596145629883e-01
-4.667428433895111084e-01 -3.881214559078216553e-01
4.848285019397735596e-01 5.956455469131469727e-01
-8.501132726669311523e-01 -8.437375426292419434e-01
-8.314601331949234009e-02 -9.493924677371978760e-02
-1.612835079431533813e-01 -1.438015252351760864e-01
-1.889381557703018188e-01 -2.093803733587265015e-01
5.241527557373046875e-01 5.364956259727478027e-01
5.649068355560302734e-01 4.847175478935241699e-01
4.331208765506744385e-02 6.215913593769073486e-02
-1.511861830949783325e-01 -2.397029101848602295e-01
1.117778182029724121e+00 1.086056232452392578e+00
-2.205685377120971680e-01 -2.068736553192138672e-01
1.062680706381797791e-01 8.523271232843399048e-02
-4.143632650375366211e-01 -4.771202206611633301e-01
-9.777507185935974121e-01 -1.021721959114074707e+00
-6.423248648643493652e-01 -6.732161045074462891e-01
7.888034582138061523e-01 8.386785984039306641e-01
6.753432750701904297e-01 7.046406865119934082e-01
-4.133130311965942383e-01 -3.307985961437225342e-01
3.331447541713714600e-01 3.372929394245147705e-01
-2.731165885925292969e-01 -1.455898433923721313e-01
-9.793829917907714844e-01 -9.877747297286987305e-01
3.302864730358123779e-01 2.238725274801254272e-01
3.136974573135375977e-01 2.251606285572052002e-01
-1.377040296792984009e-01 -1.710252612829208374e-01
-5.722582340240478516e-01 -5.164261460304260254e-01
8.623075485229492188e-01 7.562909126281738281e-01
-6.920936703681945801e-01 -6.592574715614318848e-01
-2.009102255105972290e-01 -1.677755266427993774e-01
-1.187926605343818665e-01 -1.499662697315216064e-01
-1.232994049787521362e-01 -2.069095522165298462e-01
-3.963882103562355042e-02 7.667140662670135498e-02
-5.772790312767028809e-01 -4.770918488502502441e-01
-4.873478710651397705e-01 -5.523583889007568359e-01
-1.080708384513854980e+00 -1.099258422851562500e+00
-1.153584837913513184e+00 -1.136713147163391113e+00
8.489919304847717285e-01 8.090592622756958008e-01
8.798901438713073730e-01 8.352153301239013672e-01
-8.403143286705017090e-01 -7.903717756271362305e-01
-5.135018229484558105e-01 -5.564920902252197266e-01
-2.275864928960800171e-01 -1.394194066524505615e-01
-6.457072496414184570e-01 -6.462393403053283691e-01
-2.305952459573745728e-01 -2.575449049472808838e-01
-5.852746963500976562e-01 -4.979935586452484131e-01
7.557564377784729004e-01 7.698749303817749023e-01
-4.220337271690368652e-01 -3.584985136985778809e-01
-5.261009335517883301e-01 -5.176935791969299316e-01
4.021065533161163330e-01 3.667143285274505615e-01
-1.838632300496101379e-02 -5.227057263255119324e-04
7.252093553543090820e-01 6.800614595413208008e-01
1.405529022216796875e+00 1.548893570899963379e+00
1.358461678028106689e-01 1.017325371503829956e-01
1.272526755928993225e-02 -8.009143173694610596e-02
-1.031764626502990723e+00 -1.040684223175048828e+00
-1.261291980743408203e+00 -9.699044227600097656e-01
-8.774210214614868164e-01 -9.179166555404663086e-01
-5.754842758178710938e-01 -5.757644772529602051e-01
-3.711555302143096924e-01 -3.008768558502197266e-01
3.753417134284973145e-01 3.290630877017974854e-01
-4.317758083343505859e-01 -3.542026281356811523e-01
5.415914654731750488e-01 5.693304538726806641e-01
-3.585886359214782715e-01 -3.767081797122955322e-01
-6.208325028419494629e-01 -5.496887564659118652e-01
-1.062204241752624512e+00 -9.363628029823303223e-01
-3.401720821857452393e-01 -3.918571770191192627e-01
-1.870471090078353882e-01 -1.630542725324630737e-01
-9.818014502525329590e-01 -1.011869072914123535e+00
7.164300084114074707e-01 7.487431168556213379e-01
-1.409742832183837891e-01 -2.041515707969665527e-01
-1.218094453215599060e-01 -8.274284005165100098e-02
-1.033917307853698730e+00 -1.049084186553955078e+00
8.788337111473083496e-01 7.339051961898803711e-01
3.491280376911163330e-01 3.510664403438568115e-01
1.280154943466186523e+00 1.315870642662048340e+00
2.943849861621856689e-01 2.523460686206817627e-01
9.706148505210876465e-01 7.946617603302001953e-01
-1.266533434391021729e-01 -2.078279256820678711e-01
-7.940043807029724121e-01 -8.462060093879699707e-01
-2.974683046340942383e-01 -2.863248288631439209e-01
-4.861841499805450439e-01 -4.550995230674743652e-01
-4.477235972881317139e-01 -3.140151500701904297e-01
-2.357480078935623169e-01 -2.710291743278503418e-01
7.635334730148315430e-01 7.376531362533569336e-01
7.841452956199645996e-01 8.180664777755737305e-01
-8.890897780656814575e-02 -1.701666712760925293e-01
1.314954757690429688e-01 1.120300665497779846e-01
-1.105807900428771973e+00 -1.056529641151428223e+00
-1.211910694837570190e-01 -1.333193331956863403e-01
-1.092752456665039062e+00 -1.064812064170837402e+00
-5.997914075851440430e-01 -5.427569150924682617e-01
8.377032876014709473e-01 1.000983238220214844e+00
5.978800654411315918e-01 5.910258293151855469e-01
-3.876562416553497314e-01 -3.581666350364685059e-01
-5.660106539726257324e-01 -5.579698085784912109e-01
6.962078809738159180e-01 8.093849420547485352e-01
-5.837384462356567383e-01 -6.336988806724548340e-01
-3.927925229072570801e-01 -4.116711616516113281e-01
1.814192533493041992e-01 1.989111304283142090e-01
-1.026781678199768066e+00 -1.026944756507873535e+00
3.466459512710571289e-01 2.480143308639526367e-01
-7.862473726272583008e-01 -7.991899847984313965e-01
-3.802535235881805420e-01 -2.851651608943939209e-01
-4.093477725982666016e-01 -3.933377563953399658e-01
-1.055700063705444336e+00 -1.056910991668701172e+00
-6.002901792526245117e-01 -5.694032311439514160e-01
-1.022026911377906799e-01 -2.217964828014373779e-01
-4.990907907485961914e-01 -3.838100731372833252e-01
7.460527420043945312e-01 7.267838716506958008e-01
-3.293540775775909424e-01 -3.252340853214263916e-01
-6.701307892799377441e-01 -5.545152425765991211e-01
7.176405191421508789e-01 7.018666267395019531e-01
5.598714947700500488e-01 6.044717431068420410e-01
-3.529425337910652161e-02 1.302584111690521240e-01
1.363486200571060181e-01 6.744021922349929810e-02
-6.599582433700561523e-01 -6.931025981903076172e-01
1.306656360626220703e+00 1.259505867958068848e+00
-6.701292842626571655e-02 1.862829551100730896e-03
-4.217884242534637451e-01 -3.637607991695404053e-01
5.962708219885826111e-02 9.356424212455749512e-02
1.647872477769851685e-01 1.287585496902465820e-01
-6.918110847473144531e-01 -6.907898783683776855e-01
-9.257277250289916992e-01 -8.673874735832214355e-01
1.380157321691513062e-01 1.680879145860671997e-01
1.285541296005249023e+00 1.380773901939392090e+00
-3.914763033390045166e-01 -2.568761706352233887e-01
-5.756862163543701172e-01 -5.142771601676940918e-01
-2.068454325199127197e-01 -2.446303069591522217e-01
3.734014034271240234e-01 2.659150660037994385e-01
-3.241198360919952393e-01 -2.825782895088195801e-01
-9.736778736114501953e-01 -1.034860014915466309e+00
-1.879146099090576172e-01 -2.241402417421340942e-01
-3.016521930694580078e-01 -2.859425544738769531e-01
-1.837873160839080811e-01 -1.437468081712722778e-01
9.331450462341308594e-01 9.179282188415527344e-01
3.065189719200134277e-01 3.127990067005157471e-01
2.551620900630950928e-01 1.229704916477203369e-01
-3.313749134540557861e-01 -3.698642253875732422e-01
-4.564697444438934326e-01 -3.972328007221221924e-01
8.467381000518798828e-01 7.768757939338684082e-01
-8.209668993949890137e-01 -8.672195672988891602e-01
-8.413226604461669922e-01 -7.563436031341552734e-01
-8.804545402526855469e-01 -8.542667627334594727e-01
-7.244135737419128418e-01 -7.842929363250732422e-01
9.310440421104431152e-01 8.904415369033813477e-01
-1.032030940055847168e+00 -9.269551038742065430e-01
-2.482497245073318481e-01 -3.131093382835388184e-01
1.000252127647399902e+00 1.003620147705078125e+00
5.991198495030403137e-02 5.172301828861236572e-02
-2.574305832386016846e-01 -3.822736442089080811e-01
-4.822370111942291260e-01 -6.612293124198913574e-01
-2.044298797845840454e-01 -1.718333512544631958e-01
9.349790811538696289e-01 9.955112934112548828e-01
-4.190003573894500732e-01 -5.202773213386535645e-01
-7.685483694076538086e-01 -6.853009462356567383e-01
-2.514484226703643799e-01 -1.633194386959075928e-01
-1.245767101645469666e-01 -1.022874265909194946e-01
-6.979978829622268677e-02 -8.386494219303131104e-02
3.691066503524780273e-01 3.593487143516540527e-01
1.739268600940704346e-01 -3.441746160387992859e-02
-1.101049542427062988e+00 -1.007461786270141602e+00
2.203402370214462280e-01 2.218405306339263916e-01
1.239640414714813232e-01 -5.451308190822601318e-02
-2.063885480165481567e-01 -1.455166488885879517e-01
3.867602944374084473e-01 4.110345244407653809e-01
-5.506329536437988281e-01 -3.817293047904968262e-01
4.417749047279357910e-01 4.068699181079864502e-01
2.850120365619659424e-01 2.959226369857788086e-01
3.893363848328590393e-02 5.909068137407302856e-02
7.650457620620727539e-01 8.463588953018188477e-01
-1.213203221559524536e-01 -9.756959974765777588e-02
-8.943591117858886719e-01 -8.562422394752502441e-01
-3.555578291416168213e-01 -3.667363822460174561e-01
-9.631373882293701172e-01 -8.962585330009460449e-01
-9.860952496528625488e-01 -9.597444534301757812e-01
9.478655457496643066e-01 9.818434119224548340e-01
-2.444198578596115112e-01 -1.481437236070632935e-01
-3.414551019668579102e-01 -3.238863945007324219e-01
-2.940410375595092773e-01 -3.206704258918762207e-01
-3.262753784656524658e-02 -1.465709693729877472e-02
5.229415893554687500e-01 4.798207283020019531e-01
-7.641575932502746582e-01 -7.491137385368347168e-01
1.814782917499542236e-01 1.850111782550811768e-01
-3.568645119667053223e-01 -4.820278882980346680e-01
-6.615581512451171875e-01 -5.055760741233825684e-01
6.932095885276794434e-01 6.980806589126586914e-01
-9.847930669784545898e-01 -1.035622119903564453e+00
-4.207137227058410645e-01 -4.002400636672973633e-01
-7.711023092269897461e-01 -8.150687217712402344e-01
-2.763099670410156250e-01 -3.075963258743286133e-01
-3.705628514289855957e-01 -3.064690530300140381e-01
-9.522086381912231445e-01 -8.129166364669799805e-01
6.469486355781555176e-01 6.995832920074462891e-01
-8.877547979354858398e-01 -8.910166621208190918e-01
-4.944142401218414307e-01 -4.880665540695190430e-01
-4.681217968463897705e-01 -6.414806842803955078e-01
-9.345672130584716797e-01 -1.025339365005493164e+00
-4.183871448040008545e-01 -4.829129576683044434e-01
-4.202187359333038330e-01 -6.152480244636535645e-01
-6.674115657806396484e-01 -6.340426802635192871e-01
2.739397287368774414e-01 3.065555393695831299e-01
-4.359602332115173340e-01 -5.612542629241943359e-01
6.252900958061218262e-01 5.478205680847167969e-01
-6.386540532112121582e-01 -6.024151444435119629e-01
6.804821491241455078e-01 6.311315298080444336e-01
7.138729840517044067e-02 3.050236590206623077e-02
-8.935333788394927979e-02 -1.264436244964599609e-01
-2.310072332620620728e-01 -2.263306677341461182e-01
-6.615913510322570801e-01 -5.252256393432617188e-01
5.211796164512634277e-01 5.672997832298278809e-01
7.627097964286804199e-01 7.488050460815429688e-01
-1.001560688018798828e+00 -1.019244551658630371e+00
-1.456482559442520142e-01 -1.898234039545059204e-01
3.749002456665039062e+00 3.391939163208007812e+00
-4.905503690242767334e-01 -5.045397877693176270e-01
-2.064767181873321533e-01 -2.078266143798828125e-01
-7.587330937385559082e-01 -7.582372426986694336e-01
-9.905738234519958496e-01 -9.372187852859497070e-01
-2.589216232299804688e-01 -4.580330848693847656e-01
