-1.262503981590270996e+00 -1.172546029090881348e+00
2.880107238888740540e-02 1.500292718410491943e-01
-1.493409633636474609e+00 -1.359857320785522461e+00
4.002635478973388672e-01 5.470711588859558105e-01
6.990376114845275879e-01 8.215726613998413086e-01
-1.486266970634460449e+00 -1.395048379898071289e+00
1.219913601875305176e+00 9.547705650329589844e-01
1.652756571769714355e+00 1.552382946014404297e+00
-5.968377590179443359e-01 -8.383361697196960449e-01
-8.419761657714843750e-01 -8.313903808593750000e-01
8.362106084823608398e-01 3.051229417324066162e-01
7.615681290626525879e-01 5.989707708358764648e-01
-5.259144306182861328e-01 -4.812784194946289062e-01
-5.638061165809631348e-01 -9.056563377380371094e-01
6.538187712430953979e-02 2.590973973274230957e-01
-5.773231387138366699e-01 -6.128082871437072754e-01
5.570036768913269043e-01 6.009826660156250000e-01
-1.601066112518310547e+00 -1.350646018981933594e+00
-1.117604374885559082e+00 -1.291799545288085938e+00
-2.499206364154815674e-01 -3.688178360462188721e-01
-1.273016691207885742e+00 -1.458806276321411133e+00
-1.243009567260742188e+00 -9.576265215873718262e-01
-2.777465991675853729e-02 -1.927045285701751709e-01
-3.545137047767639160e-01 -1.927045285701751709e-01
-8.658486604690551758e-01 -6.675819754600524902e-01
-1.430188119411468506e-01 -5.482100844383239746e-01
-6.637264974415302277e-03 -1.862101107835769653e-01
1.076908230781555176e+00 1.043226838111877441e+00
-2.790663540363311768e-01 -1.862123161554336548e-01
-1.552438974380493164e+00 -1.579427003860473633e+00
-1.430496215820312500e+00 -1.553553581237792969e+00
-8.809711337089538574e-01 -7.471432685852050781e-01
-3.828052580356597900e-01 -5.165127515792846680e-01
-1.130180478096008301e+00 -1.243260622024536133e+00
-5.908832550048828125e-01 -5.012401342391967773e-01
-6.864740848541259766e-01 -8.041459918022155762e-01
-1.112971663475036621e+00 -8.224589824676513672e-01
-1.650885701179504395e+00 -1.739968895912170410e+00
-1.922147393226623535e+00 -1.848644733428955078e+00
9.662526845932006836e-01 7.905353903770446777e-01
-5.979776382446289062e-01 -4.163223505020141602e-01
-4.740473330020904541e-01 -1.606243252754211426e-01
-1.031762838363647461e+00 -8.452237844467163086e-01
1.300776302814483643e-01 5.641200542449951172e-01
-6.849257946014404297e-01 -8.452237844467163086e-01
-1.606080770492553711e+00 -1.633335590362548828e+00
-1.261188030242919922e+00 -1.345129132270812988e+00
-5.542204976081848145e-01 -4.324136674404144287e-01
2.880949974060058594e+00 3.009021759033203125e+00
3.659949541091918945e+00 3.419740200042724609e+00
3.086413145065307617e-01 -9.949217736721038818e-02
-1.076210141181945801e+00 -1.006859540939331055e+00
-9.696794152259826660e-01 -1.036923170089721680e+00
3.493821918964385986e-01 -2.739304304122924805e-01
-4.709362685680389404e-01 -2.739291489124298096e-01
3.669206202030181885e-01 2.891913652420043945e-01
1.981388777494430542e-01 1.745227277278900146e-01
1.175829172134399414e+00 1.238975763320922852e+00
-9.894143342971801758e-01 -1.121937513351440430e+00
-6.531318426132202148e-01 -6.791758537292480469e-01
2.373600006103515625e-01 3.263747692108154297e-01
1.602368235588073730e+00 1.687178134918212891e+00
-1.595736742019653320e-01 -4.740920662879943848e-01
-8.298685550689697266e-01 -8.853672146797180176e-01
1.001623749732971191e+00 8.605979084968566895e-01
8.127496242523193359e-01 6.307950019836425781e-01
1.526409745216369629e+00 1.310763835906982422e+00
-7.195427417755126953e-01 -6.804739236831665039e-01
2.547290325164794922e-01 6.150512099266052246e-01
-1.255449771881103516e+00 -1.061936855316162109e+00
-1.061755418777465820e+00 -9.427170753479003906e-01
-1.591104082763195038e-02 -3.055386543273925781e-01
-1.836501806974411011e-01 -2.178546190261840820e-01
-4.133888185024261475e-01 -2.171232402324676514e-01
4.595082998275756836e-01 -3.013386204838752747e-02
-7.710795998573303223e-01 -8.807476162910461426e-01
1.252757757902145386e-01 -2.901841998100280762e-01
-7.076215744018554688e-01 -7.279225587844848633e-01
6.356508731842041016e-01 4.413256645202636719e-01
1.759927570819854736e-01 4.360708892345428467e-01
-4.577060937881469727e-01 -4.741228520870208740e-01
-1.280330538749694824e+00 -1.209218263626098633e+00
-1.884578764438629150e-01 -2.299540638923645020e-01
-4.626238644123077393e-01 -3.464765548706054688e-01
-1.013010382652282715e+00 -7.877718806266784668e-01
1.219501972198486328e+00 1.259079217910766602e+00
1.224986076354980469e+00 1.144749283790588379e+00
3.302085638046264648e+00 3.115492343902587891e+00
-7.501672506332397461e-01 -4.887467026710510254e-01
8.357854187488555908e-02 1.387408673763275146e-01
9.400160312652587891e-01 8.870323300361633301e-01
-6.830736398696899414e-01 -6.562043428421020508e-01
-2.160274982452392578e-01 -2.429003119468688965e-01
-2.018035650253295898e-01 -3.091969341039657593e-02
8.326058983802795410e-01 7.455881834030151367e-01
-2.608447968959808350e-01 -5.059775114059448242e-01
-5.792626142501831055e-01 -5.994643568992614746e-01
-8.032524585723876953e-01 -7.660571336746215820e-01
-7.841399908065795898e-01 -7.408698797225952148e-01
-5.718692541122436523e-01 -7.366665601730346680e-01
3.147472620010375977e+00 3.223342418670654297e+00
-7.309151887893676758e-01 -6.978054642677307129e-01
-3.004769384860992432e-01 -3.154491782188415527e-01
5.305125713348388672e-01 5.206640958786010742e-01
1.849608123302459717e-01 4.293847680091857910e-01
1.955184221267700195e+00 2.244293689727783203e+00
-4.351609051227569580e-01 -5.382667779922485352e-01
-4.424049854278564453e-01 -5.175006389617919922e-01
3.040811300277709961e+00 3.239659070968627930e+00
-6.605830192565917969e-01 -6.998269557952880859e-01
-8.749806880950927734e-02 -1.481162905693054199e-01
8.215643167495727539e-01 7.734853029251098633e-01
-8.685995936393737793e-01 -8.988974094390869141e-01
2.367438316345214844e+00 2.335159778594970703e+00
-5.858597159385681152e-02 2.560031786561012268e-02
1.415016770362854004e+00 1.287780165672302246e+00
7.181356549263000488e-01 7.049070000648498535e-01
1.371427655220031738e+00 1.143430352210998535e+00
-3.495821952819824219e-01 -4.244791269302368164e-01
2.392030954360961914e+00 2.658713102340698242e+00
-9.564917087554931641e-01 -7.254900336265563965e-01
1.151675105094909668e+00 9.763975143432617188e-01
1.310534328222274780e-01 1.664522141218185425e-01
2.772464752197265625e+00 2.891234874725341797e+00
1.702127575874328613e+00 1.618214845657348633e+00
4.541359543800354004e-01 5.210539102554321289e-01
1.599388718605041504e+00 1.647287368774414062e+00
2.530159354209899902e-01 3.729987144470214844e-01
2.402106046676635742e+00 2.537614822387695312e+00
6.696691513061523438e-01 4.800575673580169678e-01
3.995203971862792969e-01 2.161838710308074951e-01
5.513728260993957520e-01 4.800575673580169678e-01
2.529304921627044678e-01 2.136715203523635864e-01
1.295180171728134155e-01 2.136715203523635864e-01
-6.934728622436523438e-01 -5.888340473175048828e-01
-2.802170515060424805e+00 -2.810853719711303711e+00
-1.329137921333312988e+00 -1.294049143791198730e+00
-8.784562349319458008e-01 -8.624124526977539062e-01
1.898665070533752441e+00 1.902288913726806641e+00
2.664752304553985596e-01 4.566955566406250000e-01
3.146240949630737305e+00 2.676711082458496094e+00
2.799591422080993652e-01 3.976105749607086182e-01
-4.699463248252868652e-01 -6.191406846046447754e-01
1.672706127166748047e+00 1.661483526229858398e+00
-3.165901601314544678e-01 -4.407136142253875732e-01
-3.820129930973052979e-01 -3.361509442329406738e-01
1.083896636962890625e+00 7.629376649856567383e-01
7.818720340728759766e-01 7.629376649856567383e-01
1.223018884658813477e+00 1.471884727478027344e+00
1.125000238418579102e+00 1.278613209724426270e+00
4.038445651531219482e-01 3.800733089447021484e-01
1.142410039901733398e+00 1.084022641181945801e+00
-2.572239041328430176e-01 2.717448025941848755e-02
1.680574536323547363e+00 1.725203275680541992e+00
3.771974086761474609e+00 2.968693017959594727e+00
5.070611238479614258e-01 9.678125381469726562e-01
1.257983595132827759e-01 6.408786773681640625e-01
2.588395774364471436e-01 1.041312664747238159e-01
4.312690198421478271e-01 7.557776570320129395e-01
2.460047900676727295e-01 5.420659780502319336e-01
2.694492816925048828e+00 2.435052394866943359e+00
1.105002284049987793e+00 7.855507731437683105e-01
-2.960503101348876953e+00 -3.086750984191894531e+00
-6.919233202934265137e-01 -8.683230876922607422e-01
-1.220512390136718750e+00 -5.361834764480590820e-01
-1.303042918443679810e-01 1.118937879800796509e-01
-1.787096023559570312e+00 -1.388159513473510742e+00
-2.640513777732849121e-01 3.124665915966033936e-01
2.025189548730850220e-01 1.897557675838470459e-01
5.368017032742500305e-02 1.730984002351760864e-01
-4.515008032321929932e-01 -4.380830228328704834e-01
-3.346521258354187012e-01 -8.706420660018920898e-02
1.517149806022644043e+00 1.463158369064331055e+00
-2.429881393909454346e-01 -3.953002691268920898e-01
1.552558898925781250e+00 1.444569945335388184e+00
-8.332302421331405640e-02 -3.766030073165893555e-01
-7.474328875541687012e-01 -7.973004579544067383e-01
3.093602418899536133e+00 3.344056606292724609e+00
-3.340869545936584473e-01 -3.767866790294647217e-01
-4.577699005603790283e-01 -6.557896137237548828e-01
6.606747210025787354e-02 -1.212174743413925171e-01
9.668546319007873535e-01 1.014165163040161133e+00
-1.303897351026535034e-01 -3.314186334609985352e-01
2.384525388479232788e-01 8.539393544197082520e-02
1.016827702522277832e+00 1.207576036453247070e+00
-1.543851494789123535e-01 1.628152728080749512e-01
-7.610611915588378906e-01 -7.201201915740966797e-01
2.478123009204864502e-01 1.692017018795013428e-01
1.672648429870605469e+00 6.330763101577758789e-01
-5.383954644203186035e-01 -5.712679624557495117e-01
8.491630554199218750e-01 7.083505392074584961e-01
-6.372573971748352051e-01 -6.210200190544128418e-01
-4.718678593635559082e-01 -5.248199701309204102e-01
7.557736039161682129e-01 8.086934089660644531e-01
-5.772288441658020020e-01 -4.992418289184570312e-01
2.766000330448150635e-01 1.107122302055358887e-01
1.241799667477607727e-01 -3.018137440085411072e-02
2.883706092834472656e-01 1.586207449436187744e-01
-2.745489776134490967e-01 -1.005858927965164185e-01
1.319134384393692017e-01 -3.769319131970405579e-02
1.716983079910278320e+00 1.445067167282104492e+00
2.881067514419555664e+00 2.615992546081542969e+00
8.497532606124877930e-01 9.162089824676513672e-01
-3.341468274593353271e-01 -2.229008972644805908e-01
-7.964567840099334717e-02 -1.955764591693878174e-01
1.139330863952636719e+00 7.666678428649902344e-01
1.808146834373474121e+00 1.760305404663085938e+00
-1.576412618160247803e-01 -9.329305589199066162e-02
5.813577175140380859e-01 6.418797373771667480e-01
1.150509715080261230e+00 1.084680318832397461e+00
4.961179494857788086e-01 5.154891610145568848e-01
1.199408531188964844e+00 1.073516607284545898e+00
7.167028188705444336e-01 7.820254564285278320e-01
-2.511039376258850098e-02 5.511571094393730164e-02
-7.040891051292419434e-02 -7.281857728958129883e-02
-7.955623865127563477e-01 -7.032221555709838867e-01
-2.634871602058410645e-01 -3.551929295063018799e-01
1.947142124176025391e+00 2.208559751510620117e+00
5.881023406982421875e-01 7.750990390777587891e-01
7.041689753532409668e-01 4.447935521602630615e-01
9.675446748733520508e-01 1.166593313217163086e+00
1.860360614955425262e-02 -7.822310924530029297e-02
6.589318066835403442e-02 9.080171585083007812e-02
1.433760881423950195e+00 1.456542372703552246e+00
6.852942109107971191e-01 7.806563377380371094e-01
7.285864353179931641e-01 7.806563377380371094e-01
3.662197887897491455e-01 4.802604913711547852e-01
4.419151842594146729e-01 2.767822742462158203e-01
1.359434604644775391e+00 1.512947320938110352e+00
1.511883139610290527e+00 1.698989152908325195e+00
1.644626021385192871e+00 2.047281026840209961e+00
2.247954130172729492e+00 1.869405269622802734e+00
2.429848432540893555e+00 1.690443038940429688e+00
1.147566199302673340e+00 1.028295636177062988e+00
1.428425788879394531e+00 1.650402188301086426e+00
1.875932097434997559e+00 1.649489641189575195e+00
1.429555058479309082e+00 1.577663660049438477e+00
3.380990028381347656e-01 2.558841109275817871e-01
2.383741617202758789e+00 2.656656503677368164e+00
1.012635350227355957e+00 1.192014336585998535e+00
6.650825738906860352e-01 4.556652903556823730e-01
3.861215114593505859e-01 4.290862977504730225e-01
3.814796507358551025e-01 1.897062063217163086e-01
5.382078289985656738e-01 4.613704383373260498e-01
6.687435507774353027e-01 7.550126314163208008e-01
-7.155939340591430664e-01 -5.094696283340454102e-01
7.980406284332275391e-01 9.220531582832336426e-01
-1.570143103599548340e-01 -7.620716094970703125e-01
-1.444793701171875000e+00 -1.650350451469421387e+00
-5.131157040596008301e-01 -2.810684740543365479e-01
5.746120214462280273e-01 1.428762972354888916e-01
-4.634973406791687012e-01 -5.549358129501342773e-01
-4.749993383884429932e-01 -5.549358129501342773e-01
-1.341711759567260742e+00 -1.473295211791992188e+00
-1.348638415336608887e+00 -1.371957540512084961e+00
-8.638941049575805664e-01 -8.860898613929748535e-01
-1.262292146682739258e+00 -1.293223619461059570e+00
-1.527763843536376953e+00 -1.293223619461059570e+00
-1.521151423454284668e+00 -1.396634578704833984e+00
-9.869588017463684082e-01 -1.345520496368408203e+00
-1.644307613372802734e+00 -1.572211742401123047e+00
-9.294754266738891602e-01 -8.830601572990417480e-01
-7.727001905441284180e-01 -6.622694134712219238e-01
-8.949881196022033691e-01 -8.855710029602050781e-01
3.391772508621215820e+00 3.509546518325805664e+00
-8.182871341705322266e-02 1.646836698055267334e-01
3.076954372227191925e-02 1.914225518703460693e-01
-1.628080368041992188e+00 -1.691410779953002930e+00
3.336624860763549805e+00 3.394325733184814453e+00
2.508172690868377686e-01 2.506574094295501709e-01
1.894646525382995605e+00 2.040116548538208008e+00
1.268643736839294434e-01 2.187145352363586426e-01
3.254752159118652344e-01 5.164718627929687500e-01
3.092683851718902588e-01 4.312758445739746094e-01
2.518676221370697021e-01 5.160595774650573730e-01
3.995046019554138184e-01 4.480886459350585938e-01
1.133792400360107422e+00 1.144111037254333496e+00
7.652359604835510254e-01 8.853195905685424805e-01
1.134776830673217773e+00 1.062971949577331543e+00
1.069887042045593262e+00 7.122253775596618652e-01
1.330110669136047363e+00 1.648380517959594727e+00
9.188956618309020996e-01 7.267999053001403809e-01
8.784700036048889160e-01 7.434794902801513672e-01
7.209419608116149902e-01 8.331027626991271973e-01
3.793446421623229980e-01 2.581000328063964844e-01
2.655478715896606445e-01 4.015530347824096680e-01
7.329733371734619141e-01 5.230678915977478027e-01
1.612037777900695801e+00 1.710385560989379883e+00
1.767040491104125977e+00 1.579081773757934570e+00
-1.030323654413223267e-01 3.014103472232818604e-01
6.463297009468078613e-01 7.561846375465393066e-01
1.475918650627136230e+00 1.565130472183227539e+00
8.140302896499633789e-01 7.322219014167785645e-01
8.688491582870483398e-01 1.446187257766723633e+00
8.815732002258300781e-01 1.079048156738281250e+00
1.839388489723205566e+00 1.864044785499572754e+00
2.271226882934570312e+00 1.983473300933837891e+00
1.056332230567932129e+00 1.332382321357727051e+00
1.423506975173950195e+00 1.338367700576782227e+00
6.002463698387145996e-01 6.022058725357055664e-01
1.053669691085815430e+00 1.082352399826049805e+00
8.403041362762451172e-01 8.936707377433776855e-01
-1.179563522338867188e+00 -1.180306792259216309e+00
-9.668726921081542969e-01 -8.802818059921264648e-01
4.306118488311767578e-01 4.112951755523681641e-01
3.420924901962280273e+00 3.268103599548339844e+00
-1.509642362594604492e+00 -1.473725676536560059e+00
2.717463374137878418e-01 1.158523708581924438e-01
-5.010758712887763977e-02 1.179330497980117798e-01
-5.109172463417053223e-01 -8.730900287628173828e-01
-1.561361551284790039e+00 -1.554739356040954590e+00
3.001637935638427734e+00 2.923514366149902344e+00
2.697420597076416016e+00 2.689109802246093750e+00
-3.015130162239074707e-01 -2.292795032262802124e-01
-5.785507559776306152e-01 -6.232331395149230957e-01
-3.219793736934661865e-01 -3.388378620147705078e-01
-5.895079374313354492e-01 -4.867078661918640137e-01
6.998203396797180176e-01 7.531870007514953613e-01
-9.598810076713562012e-01 -1.100850343704223633e+00
-8.582826852798461914e-01 -7.153629660606384277e-01
-8.029480576515197754e-01 -1.087686896324157715e+00
-1.042972087860107422e+00 -1.004537224769592285e+00
-1.262290358543395996e+00 -1.172057271003723145e+00
1.404325723648071289e+00 1.630900025367736816e+00
2.203382730484008789e+00 2.184535503387451172e+00
-7.100410461425781250e-01 -7.435350418090820312e-01
-4.985629022121429443e-01 -4.630459249019622803e-01
-6.480218172073364258e-01 -6.064044237136840820e-01
-1.345522284507751465e+00 -1.338723540306091309e+00
2.824586629867553711e-01 -3.150960430502891541e-02
-1.215442717075347900e-01 -3.150960430502891541e-02
1.027873307466506958e-01 -6.349377334117889404e-02
-1.775900363922119141e+00 -1.693956494331359863e+00
-1.967271417379379272e-01 -1.825098991394042969e-01
9.531050920486450195e-01 1.045001864433288574e+00
-1.404768675565719604e-01 -2.085464745759963989e-01
-9.962343573570251465e-01 -8.930283188819885254e-01
2.823025882244110107e-01 1.375153809785842896e-01
3.316134214401245117e-01 -6.188821420073509216e-02
1.651522815227508545e-01 1.549572348594665527e-01
2.392424829304218292e-02 7.756227999925613403e-02
-9.407001137733459473e-01 -7.366243004798889160e-01
-9.628158807754516602e-01 -9.838826060295104980e-01
5.490736365318298340e-01 3.279702067375183105e-01
-1.433769702911376953e+00 -1.383642673492431641e+00
-6.829989552497863770e-01 -6.366085410118103027e-01
-5.833483934402465820e-01 -6.366085410118103027e-01
4.653847217559814453e-01 6.665082573890686035e-01
-4.707153141498565674e-01 -3.735462725162506104e-01
-9.245678782463073730e-01 -8.668232560157775879e-01
-8.053464889526367188e-01 -8.692041039466857910e-01
-1.481862306594848633e+00 -1.603404879570007324e+00
4.428705871105194092e-01 4.474601447582244873e-01
-1.511993169784545898e+00 -1.449429154396057129e+00
-6.140707135200500488e-01 -8.639037609100341797e-01
-7.526747584342956543e-01 -1.067209839820861816e+00
-2.799240648746490479e-01 -7.026793956756591797e-01
1.727221488952636719e+00 1.668746948242187500e+00
-1.158652782440185547e+00 -1.474386096000671387e+00
-1.237257003784179688e+00 -1.134906649589538574e+00
5.842500329017639160e-01 7.387176156044006348e-01
1.061040282249450684e+00 1.265796661376953125e+00
-1.179310679435729980e+00 -1.252807497978210449e+00
9.112548083066940308e-03 -1.349205821752548218e-01
-1.165500283241271973e+00 -1.252807378768920898e+00
-2.528023421764373779e-01 -1.231696605682373047e-01
-1.438170671463012695e-01 -5.540918707847595215e-01
-1.409295201301574707e-01 -1.571385562419891357e-01
1.060278892517089844e+00 7.414823174476623535e-01
-5.204929709434509277e-01 -5.946273207664489746e-01
-4.566041529178619385e-01 -6.851725578308105469e-01
-6.475135087966918945e-01 -4.371493756771087646e-01
2.058524131774902344e+00 1.838855266571044922e+00
-9.367557168006896973e-01 -6.791793107986450195e-01
1.274234205484390259e-01 1.162855178117752075e-01
-4.002689719200134277e-01 -7.257907390594482422e-01
-9.151558279991149902e-01 -7.955531477928161621e-01
-8.800780773162841797e-01 -8.797450661659240723e-01
1.321454882621765137e+00 9.902125000953674316e-01
-8.256626129150390625e-01 -1.068375229835510254e+00
-4.351001083850860596e-01 -4.297317564487457275e-01
-5.368396639823913574e-01 -3.826861083507537842e-01
-1.374204754829406738e-01 -2.647976875305175781e-01
2.921783924102783203e+00 2.907954216003417969e+00
5.787597298622131348e-01 4.695985615253448486e-01
8.932680822908878326e-03 -1.811516731977462769e-01
8.555169105529785156e-01 7.112705111503601074e-01
-5.851820111274719238e-01 -7.434404492378234863e-01
-5.797940492630004883e-01 -5.443763136863708496e-01
1.648330092430114746e+00 1.535598039627075195e+00
-2.345501631498336792e-01 -1.774584352970123291e-01
9.804547578096389771e-02 1.922103464603424072e-01
1.493258774280548096e-01 1.560260057449340820e-01
-5.012151598930358887e-01 -3.996492922306060791e-01
6.602298002690076828e-03 -1.361795663833618164e-01
7.510762214660644531e-01 9.220930933952331543e-01
-4.731731712818145752e-01 -5.231214761734008789e-01
2.283526182174682617e+00 2.033820152282714844e+00
-1.490775612182915211e-03 2.767784520983695984e-02
-5.102763175964355469e-01 -2.693261802196502686e-01
2.136050164699554443e-01 2.341085076332092285e-01
2.174593925476074219e+00 2.043162822723388672e+00
7.238703966140747070e-02 2.749812304973602295e-01
2.752738952636718750e+00 2.656721115112304688e+00
-2.485920488834381104e-01 -2.229961901903152466e-01
1.047244429588317871e+00 1.133478522300720215e+00
-6.739785075187683105e-01 -6.768473386764526367e-01
-8.093733787536621094e-01 -7.708525657653808594e-01
-9.484104514122009277e-01 -7.794343829154968262e-01
5.063382983207702637e-01 5.316709280014038086e-01
1.134607076644897461e+00 1.302002310752868652e+00
-1.138546586036682129e+00 -9.294034838676452637e-01
3.117635548114776611e-01 2.606989741325378418e-01
2.231761693954467773e+00 2.337196826934814453e+00
2.257698625326156616e-01 2.826050221920013428e-01
-9.467255473136901855e-01 -1.002635121345520020e+00
3.129050731658935547e+00 2.802851915359497070e+00
1.814530491828918457e+00 1.782732009887695312e+00
1.018538594245910645e+00 1.043781638145446777e+00
2.517706632614135742e+00 2.331030368804931641e+00
1.378738999366760254e+00 1.316438555717468262e+00
-2.115349769592285156e+00 -1.966000318527221680e+00
4.738631248474121094e-01 1.993111371994018555e-01
1.886609792709350586e+00 1.850172638893127441e+00
1.463075876235961914e+00 1.410374283790588379e+00
1.437449693679809570e+00 1.185459733009338379e+00
9.562353491783142090e-01 1.122912526130676270e+00
2.288950830698013306e-01 6.715514510869979858e-02
1.455540060997009277e+00 1.588763117790222168e+00
6.888016462326049805e-01 5.868082642555236816e-01
6.899968981742858887e-01 5.868729948997497559e-01
9.329436719417572021e-02 3.394744396209716797e-01
7.508108019828796387e-01 6.365303993225097656e-01
-8.599452972412109375e-01 -6.884911656379699707e-01
-8.781702518463134766e-01 -6.885797381401062012e-01
4.080374240875244141e-01 3.283919394016265869e-01
9.449778795242309570e-01 1.268887042999267578e+00
3.231384515762329102e+00 2.355958938598632812e+00
-4.542463123798370361e-01 -4.805798232555389404e-01
2.697782814502716064e-01 2.939968407154083252e-01
3.884780108928680420e-01 3.457886874675750732e-01
5.631115436553955078e-01 6.191851496696472168e-01
6.708596348762512207e-01 8.502460122108459473e-01
-6.094507575035095215e-01 9.176817536354064941e-01
3.437816798686981201e-01 4.011150002479553223e-01
-2.872315347194671631e-01 2.325319685041904449e-03
1.279411278665065765e-02 -1.977422237396240234e-01
2.276810884475708008e+00 2.794074058532714844e+00
8.626956939697265625e-01 1.030312776565551758e+00
1.097681522369384766e+00 1.129045128822326660e+00
4.782631993293762207e-02 -1.024450361728668213e-01
4.161672294139862061e-01 5.033621788024902344e-01
-7.882185280323028564e-03 -2.347812801599502563e-01
1.635480523109436035e+00 1.275983691215515137e+00
4.568268954753875732e-01 5.695825815200805664e-01
8.115257620811462402e-01 7.875736951828002930e-01
9.208250790834426880e-02 1.864767670631408691e-01
1.585644036531448364e-01 5.160768628120422363e-01
5.273415446281433105e-01 3.059316277503967285e-01
1.017855286598205566e+00 7.142114043235778809e-01
-2.969137907028198242e+00 -3.005727291107177734e+00
-1.371006250381469727e+00 -1.828331589698791504e+00
-9.896004796028137207e-01 -6.813730001449584961e-01
3.098141252994537354e-01 2.562735378742218018e-01
2.112394094467163086e+00 2.050427675247192383e+00
-1.753518342971801758e+00 -1.618707418441772461e+00
-1.386408686637878418e+00 -1.618707537651062012e+00
1.016765475273132324e+00 1.097248077392578125e+00
2.265567541122436523e+00 7.765471339225769043e-01
-3.982644677162170410e-01 -3.844548761844635010e-01
-3.149759769439697266e-01 -4.025208353996276855e-01
2.117225646972656250e+00 2.256921529769897461e+00
-3.769331872463226318e-01 -3.867572247982025146e-01
2.634400367736816406e+00 2.897601604461669922e+00
-6.372756361961364746e-01 -6.191902756690979004e-01
-7.866089940071105957e-01 -7.762933373451232910e-01
1.031401634216308594e+00 1.069988608360290527e+00
-5.261067748069763184e-01 -4.503524601459503174e-01
1.543567419052124023e+00 1.418349623680114746e+00
1.536356449127197266e+00 1.536643743515014648e+00
8.814828842878341675e-02 6.943255662918090820e-02
3.588703393936157227e+00 3.169027328491210938e+00
1.607245445251464844e+00 1.588838696479797363e+00
1.906587123870849609e+00 1.969975829124450684e+00
1.616913914680480957e+00 1.572864532470703125e+00
-3.399154841899871826e-01 -2.716470658779144287e-01
1.412765383720397949e+00 1.408408284187316895e+00
-3.984460830688476562e-01 -4.448508620262145996e-01
1.379231929779052734e+00 1.068127036094665527e+00
-6.241862773895263672e-01 -6.587588787078857422e-01
2.490554600954055786e-01 9.568277001380920410e-02
1.036084890365600586e+00 1.022233247756958008e+00
1.580549001693725586e+00 1.516053199768066406e+00
1.928049027919769287e-01 -2.420738637447357178e-01
-4.224250316619873047e-01 -4.552547633647918701e-01
1.049217343330383301e+00 1.044355511665344238e+00
1.084738299250602722e-01 -4.134007394313812256e-01
1.904138326644897461e-01 1.786707937717437744e-01
1.500267028808593750e+00 1.536784172058105469e+00
2.036812782287597656e+00 1.874699473381042480e+00
1.579384207725524902e+00 1.720904707908630371e+00
2.092522859573364258e+00 2.445839405059814453e+00
1.761285066604614258e+00 1.860419034957885742e+00
3.640583902597427368e-02 1.062594205141067505e-01
3.558712899684906006e-01 1.217864677309989929e-01
4.561551809310913086e-01 2.658762931823730469e-01
6.242291536182165146e-03 4.468207806348800659e-02
9.922224283218383789e-01 7.242950201034545898e-01
2.427956163883209229e-01 5.245094895362854004e-01
1.654834032058715820e+00 1.830440998077392578e+00
-1.233007073402404785e+00 -1.127374053001403809e+00
-1.242590174078941345e-01 -8.886872231960296631e-02
-7.695763111114501953e-01 -6.623247265815734863e-01
8.989976048469543457e-01 7.603569626808166504e-01
8.157714605331420898e-01 6.024442911148071289e-01
1.301783800125122070e+00 1.013827681541442871e+00
2.579211473464965820e+00 1.629577279090881348e+00
2.203485488891601562e+00 1.569023013114929199e+00
-6.337426304817199707e-01 -3.992059528827667236e-01
2.433489561080932617e+00 1.495094060897827148e+00
2.163588285446166992e+00 1.738884210586547852e+00
9.345936179161071777e-01 8.769259452819824219e-01
1.486237049102783203e+00 1.614915966987609863e+00
2.168292284011840820e+00 1.679721236228942871e+00
2.343300342559814453e+00 1.644764900207519531e+00
2.755671262741088867e+00 2.837502479553222656e+00
2.796756982803344727e+00 2.712772369384765625e+00
1.488948225975036621e+00 1.743178248405456543e+00
2.409546613693237305e+00 1.820404648780822754e+00
-8.959367275238037109e-01 -9.917581677436828613e-01
-4.138343930244445801e-01 -3.206557333469390869e-01
2.883613109588623047e+00 2.881330490112304688e+00
-1.007771253585815430e+00 -9.845092892646789551e-01
9.503294229507446289e-01 1.099298834800720215e+00
1.637604236602783203e+00 1.859694600105285645e+00
3.804354071617126465e-01 2.436800003051757812e-01
9.656498432159423828e-01 9.916366338729858398e-01
1.562472105026245117e+00 1.513596057891845703e+00
2.391828894615173340e-01 3.442911505699157715e-01
7.363278269767761230e-01 3.216247260570526123e-01
6.281669139862060547e-01 3.442911505699157715e-01
-3.348203003406524658e-01 -1.919929385185241699e-01
-9.616721868515014648e-01 -7.685772180557250977e-01
-4.742240905761718750e-01 -5.496063232421875000e-01
-6.579434871673583984e-01 -5.287454724311828613e-01
2.558386087417602539e+00 2.348601818084716797e+00
2.044208049774169922e+00 2.259424209594726562e+00
3.246060371398925781e+00 3.124292373657226562e+00
-2.307094037532806396e-01 -1.196818798780441284e-01
4.363827109336853027e-01 5.323143005371093750e-01
2.975170373916625977e+00 2.784493923187255859e+00
-1.622313499450683594e+00 -1.307469725608825684e+00
-8.424958586692810059e-01 -8.388720154762268066e-01
-8.369274735450744629e-01 -8.628123402595520020e-01
-8.692380189895629883e-01 -7.813203930854797363e-01
-7.140091657638549805e-01 -6.479025483131408691e-01
-1.458849668502807617e+00 -1.309694409370422363e+00
-6.718590259552001953e-01 -5.885574221611022949e-01
-1.434253811836242676e+00 -1.593850731849670410e+00
-1.314323544502258301e+00 -1.177524685859680176e+00
-1.753615975379943848e+00 -1.585182309150695801e+00
3.431703805923461914e+00 2.852456331253051758e+00
1.446253806352615356e-01 1.717018932104110718e-01
-9.041051864624023438e-01 -1.126118898391723633e+00
3.159758746623992920e-01 5.721858516335487366e-02
2.589657008647918701e-01 3.148135542869567871e-01
3.021683990955352783e-01 2.942674756050109863e-01
2.356122970581054688e+00 3.385630369186401367e+00
4.798689484596252441e-01 5.974488854408264160e-01
4.507967233657836914e-01 3.259935081005096436e-01
2.424207776784896851e-01 3.046306073665618896e-01
2.658872008323669434e-01 3.008467853069305420e-01
-3.027843236923217773e-01 -4.181682765483856201e-01
-1.425060210749506950e-03 5.076565966010093689e-02
1.944303870201110840e+00 2.591292619705200195e+00
4.735139906406402588e-01 4.175707101821899414e-01
1.345157384872436523e+00 1.284991145133972168e+00
1.172962665557861328e+00 1.074499964714050293e+00
7.641040682792663574e-01 9.448303580284118652e-01
1.002703428268432617e+00 1.096035122871398926e+00
1.208245754241943359e+00 1.233899950981140137e+00
7.253363132476806641e-01 8.841430544853210449e-01
1.174858927726745605e+00 1.233899950981140137e+00
1.220611572265625000e+00 1.177012085914611816e+00
8.061625361442565918e-01 7.981526255607604980e-01
7.296442985534667969e-01 7.058329582214355469e-01
9.093552231788635254e-01 8.655315041542053223e-01
9.544079899787902832e-01 8.655315041542053223e-01
3.083724677562713623e-01 4.682868719100952148e-01
1.553384304046630859e+00 1.564174056053161621e+00
1.469778180122375488e+00 1.564174056053161621e+00
6.836066842079162598e-01 6.360930800437927246e-01
1.026535153388977051e+00 1.312029123306274414e+00
1.472603678703308105e+00 1.212159037590026855e+00
5.095061063766479492e-01 6.225791573524475098e-01
8.002202510833740234e-01 1.149972081184387207e+00
1.407412528991699219e+00 9.711818695068359375e-01
2.979662895202636719e+00 2.549704551696777344e+00
1.411037445068359375e+00 1.109638452529907227e+00
5.204925537109375000e-01 6.621896624565124512e-01
7.022410631179809570e-01 8.154485821723937988e-01
-2.071727812290191650e-01 -4.916865229606628418e-01
-4.108452200889587402e-01 -4.916865229606628418e-01
2.022926956415176392e-01 1.221199408173561096e-01
-8.158766031265258789e-01 -7.709854245185852051e-01
2.573421955108642578e+00 2.919337749481201172e+00
-1.678455471992492676e+00 -1.623509764671325684e+00
3.244029521942138672e+00 3.150522947311401367e+00
-1.250379920005798340e+00 -1.222953200340270996e+00
3.564861059188842773e+00 2.812497377395629883e+00
1.162428975105285645e+00 1.292643070220947266e+00
-1.422432184219360352e+00 -1.099706888198852539e+00
-1.974698901176452637e-01 3.201426565647125244e-02
-1.416565418243408203e+00 -1.525800466537475586e+00
-3.052627444267272949e-01 -5.621926188468933105e-01
1.761108756065368652e+00 1.448411226272583008e+00
-3.449105620384216309e-01 -3.679047226905822754e-01
-3.143893182277679443e-01 -5.555511713027954102e-01
-3.768633902072906494e-01 -6.261953711509704590e-01
1.921186447143554688e+00 1.738893151283264160e+00
-5.747994184494018555e-01 -7.253404259681701660e-01
-8.271587491035461426e-01 -7.589520812034606934e-01
-3.503955602645874023e-01 -1.162639558315277100e-01
7.654487490653991699e-01 7.714042067527770996e-01
-5.029301643371582031e-01 -8.620960116386413574e-01
3.280669748783111572e-01 1.763245314359664917e-01
4.270198047161102295e-01 3.866719901561737061e-01
-3.936802744865417480e-01 -7.488112449645996094e-01
5.496831536293029785e-01 4.340447485446929932e-01
-4.455436766147613525e-01 -5.657554268836975098e-01
-5.413866639137268066e-01 -5.646920204162597656e-01
2.180412858724594116e-01 2.415515929460525513e-01
-6.682220697402954102e-01 -6.645778417587280273e-01
-7.096346616744995117e-01 -1.060967683792114258e+00
-1.791457384824752808e-01 -3.336077034473419189e-01
2.547511100769042969e+00 2.486284017562866211e+00
-1.242772698402404785e+00 -1.292448282241821289e+00
-1.135282278060913086e+00 -1.069383978843688965e+00
3.571167469024658203e+00 3.406343460083007812e+00
-1.394704818725585938e+00 -1.301334619522094727e+00
7.899157404899597168e-01 6.907968521118164062e-01
1.368735283613204956e-01 3.328040838241577148e-01
-9.072744846343994141e-01 -9.349960684776306152e-01
1.305047124624252319e-01 1.888262480497360229e-01
6.879431009292602539e-01 7.544732093811035156e-01
-1.446728467941284180e+00 -1.481126666069030762e+00
3.347028791904449463e-01 3.718379139900207520e-01
-3.278581202030181885e-01 -8.485582470893859863e-02
9.264131784439086914e-01 8.217695355415344238e-01
4.987064301967620850e-01 4.374955892562866211e-01
-1.209410000592470169e-02 2.055098563432693481e-01
8.285943865776062012e-01 1.487395048141479492e+00
2.846144437789916992e+00 2.742773294448852539e+00
1.287509351968765259e-01 6.552676856517791748e-02
8.881118297576904297e-01 9.052165150642395020e-01
5.425826311111450195e-01 6.785022616386413574e-01
-6.041751503944396973e-01 -5.230541229248046875e-01
-3.823712468147277832e-01 -1.989331841468811035e-01
-4.117384552955627441e-01 -3.499244153499603271e-01
1.007472157478332520e+00 7.036923766136169434e-01
-1.036600708961486816e+00 -1.131816864013671875e+00
-4.963104724884033203e-01 -5.840393900871276855e-01
6.527312994003295898e-01 6.693087220191955566e-01
-8.703972101211547852e-01 -9.019338488578796387e-01
-1.805186867713928223e-01 -1.834423691034317017e-01
-6.157727837562561035e-01 -1.077523708343505859e+00
-4.020309150218963623e-01 -8.042356371879577637e-01
-1.888414323329925537e-01 -4.585368335247039795e-01
-8.355771303176879883e-01 -1.069655418395996094e+00
-6.168918609619140625e-01 -7.418763041496276855e-01
-4.807900488376617432e-01 -2.248580306768417358e-01
-4.227688610553741455e-01 -7.110871672630310059e-01
-9.605078101158142090e-01 -8.246211409568786621e-01
9.378421306610107422e-01 8.822762370109558105e-01
-6.826160550117492676e-01 -4.918847680091857910e-01
2.363931834697723389e-01 2.810631990432739258e-01
3.752512335777282715e-01 3.184990584850311279e-01
-5.215773582458496094e-01 -4.724772572517395020e-01
1.454151868820190430e+00 1.566421866416931152e+00
-7.572332024574279785e-01 -7.141656279563903809e-01
8.761099576950073242e-01 1.198546767234802246e+00
-5.318590402603149414e-01 -6.620277762413024902e-01
-1.742317713797092438e-02 -4.708046093583106995e-02
1.967425197362899780e-01 8.268340677022933960e-02
9.535916894674301147e-02 8.173419535160064697e-02
-5.842500329017639160e-01 -4.860649406909942627e-01
2.636955499649047852e+00 2.728654623031616211e+00
-8.130352944135665894e-03 1.205081939697265625e-01
-1.223349690437316895e+00 -1.192600488662719727e+00
-4.816112816333770752e-01 -5.674542784690856934e-01
-5.927714109420776367e-01 -5.619586110115051270e-01
-2.295840829610824585e-01 -2.277946770191192627e-01
-1.598517745733261108e-01 -1.181851774454116821e-01
-1.328405290842056274e-01 -3.282480835914611816e-01
-4.810824394226074219e-01 -3.921551704406738281e-01
-2.275176495313644409e-01 -2.179963737726211548e-01
2.099854230880737305e+00 2.092412233352661133e+00
3.186439350247383118e-02 1.251623630523681641e-01
-7.100042104721069336e-01 -5.207251906394958496e-01
-2.198483943939208984e-01 -2.647336125373840332e-01
2.414454221725463867e+00 2.398489475250244141e+00
1.252786219120025635e-01 1.184855103492736816e-01
-6.027223467826843262e-01 -7.712146639823913574e-01
-1.511157006025314331e-01 -1.953017860651016235e-01
2.341090202331542969e+00 2.337332725524902344e+00
-8.876422643661499023e-01 -7.038893103599548340e-01
3.104111433029174805e+00 3.121824741363525391e+00
-7.649473547935485840e-01 -6.453173756599426270e-01
-4.558057785034179688e-01 -4.613941907882690430e-01
7.608275860548019409e-02 -2.849991917610168457e-01
4.121970832347869873e-01 1.737153679132461548e-01
7.756727337837219238e-01 8.002110123634338379e-01
-5.542648434638977051e-01 -5.514574646949768066e-01
1.409590482711791992e+00 1.617836356163024902e+00
-9.299506545066833496e-01 -8.894188404083251953e-01
-1.051952481269836426e+00 -8.498876690864562988e-01
2.162059783935546875e+00 2.546559333801269531e+00
-9.116597175598144531e-01 -7.862164378166198730e-01
-3.968391120433807373e-01 -3.502664268016815186e-01
1.238421201705932617e+00 1.160735368728637695e+00
1.506416678428649902e+00 1.423462390899658203e+00
-8.484430313110351562e-01 -8.823810219764709473e-01
-9.366529583930969238e-01 -9.280711412429809570e-01
1.272794246673583984e+00 1.216589689254760742e+00
-8.258295655250549316e-01 -3.819324970245361328e-01
7.660592198371887207e-01 7.505239844322204590e-01
2.943783044815063477e+00 1.803784847259521484e+00
-7.931258678436279297e-01 -9.400317072868347168e-01
4.953324794769287109e-01 6.437014341354370117e-01
4.277881383895874023e-01 4.421743452548980713e-01
2.356671571731567383e+00 2.288300752639770508e+00
-5.430461764335632324e-01 -7.167125940322875977e-01
1.031806945800781250e+00 8.936271667480468750e-01
9.770203828811645508e-01 1.112547755241394043e+00
1.212231636047363281e+00 1.143457770347595215e+00
1.182711958885192871e+00 1.136883258819580078e+00
5.974556207656860352e-01 7.394308447837829590e-01
1.634724974632263184e+00 1.502688407897949219e+00
2.014818668365478516e+00 1.922576427459716797e+00
1.201932072639465332e+00 1.255733013153076172e+00
1.414048552513122559e+00 1.427198171615600586e+00
1.043938875198364258e+00 1.100448846817016602e+00
6.419003605842590332e-01 7.032002806663513184e-01
4.713026583194732666e-01 5.452116131782531738e-01
4.237253367900848389e-01 5.876681208610534668e-01
2.768188118934631348e-01 3.058426976203918457e-01
5.980470180511474609e-01 3.133401870727539062e-01
-5.239279940724372864e-02 -4.646241962909698486e-01
-2.817282974720001221e-01 -4.749830961227416992e-01
-1.058050632476806641e+00 -6.039941310882568359e-01
-6.014888882637023926e-01 -6.680808067321777344e-01
-8.885307312011718750e-01 -5.759714245796203613e-01
3.158625841140747070e+00 2.381331443786621094e+00
-8.467415571212768555e-01 -6.587515473365783691e-01
-4.212426841259002686e-01 -4.749154448509216309e-01
2.893728017807006836e-01 3.157244324684143066e-01
-2.852178573608398438e+00 -2.863234996795654297e+00
4.965605437755584717e-01 3.398665189743041992e-01
2.189519882202148438e+00 2.032578229904174805e+00
2.300859212875366211e+00 2.333264350891113281e+00
-3.948862850666046143e-01 -4.611886143684387207e-01
7.814089059829711914e-01 4.979923963546752930e-01
8.287343978881835938e-01 8.186680674552917480e-01
2.420902490615844727e+00 1.993615627288818359e+00
3.458147525787353516e+00 3.249496221542358398e+00
-5.831358581781387329e-02 -5.093288421630859375e-02
1.231652498245239258e+00 9.256520867347717285e-01
1.067671537399291992e+00 1.016710281372070312e+00
8.003156185150146484e-01 1.012403011322021484e+00
5.995030999183654785e-01 4.158519506454467773e-01
2.558463335037231445e+00 2.860462188720703125e+00
9.286372065544128418e-01 3.914213180541992188e-01
4.708895981311798096e-01 3.708454966545104980e-01
-3.118500709533691406e+00 -2.996038436889648438e+00
-1.002507805824279785e+00 -9.971212744712829590e-01
-2.873818397521972656e+00 -2.593906879425048828e+00
-2.687747240066528320e+00 -2.593402385711669922e+00
-2.516379833221435547e+00 -2.573763370513916016e+00
2.477836370468139648e+00 1.976657867431640625e+00
7.537566870450973511e-02 -1.321797817945480347e-01
-2.927582740783691406e+00 -2.830997705459594727e+00
9.364002943038940430e-01 1.016603708267211914e+00
2.088141739368438721e-01 1.825235933065414429e-01
-7.438299655914306641e-01 -7.006151080131530762e-01
1.762137770652770996e+00 1.573243975639343262e+00
1.269148230552673340e+00 1.166402101516723633e+00
-2.671008110046386719e-01 -4.882617667317390442e-02
1.587119936943054199e+00 1.628831744194030762e+00
1.073845863342285156e+00 1.193580389022827148e+00
-6.948004961013793945e-01 -5.981010198593139648e-01
-1.057319045066833496e+00 -8.768561482429504395e-01
-3.268428742885589600e-01 -3.194956108927726746e-02
8.755384087562561035e-01 7.968068718910217285e-01
1.558925986289978027e+00 1.590754270553588867e+00
1.465403795242309570e+00 1.418087363243103027e+00
1.429399967193603516e+00 1.418087363243103027e+00
1.363656759262084961e+00 1.357436299324035645e+00
-3.053441047668457031e-01 -4.016086459159851074e-01
-6.306227445602416992e-01 -5.777648091316223145e-01
1.027451872825622559e+00 9.725813865661621094e-01
-1.917137205600738525e-02 -7.073628157377243042e-02
6.642463207244873047e-01 7.118005156517028809e-01
3.993028879165649414e+00 2.775287151336669922e+00
1.419042706489562988e+00 1.607614755630493164e+00
-3.748218417167663574e-01 -8.151976764202117920e-02
4.697937965393066406e-01 4.708849191665649414e-01
-2.454325258731842041e-01 -3.354242816567420959e-02
-6.407043933868408203e-01 -7.361890077590942383e-01
1.148194313049316406e+00 1.163445234298706055e+00
9.108708500862121582e-01 6.770119667053222656e-01
-2.532649338245391846e-01 -4.542974233627319336e-01
-1.830172389745712280e-01 1.307982504367828369e-01
1.766703724861145020e+00 1.885579824447631836e+00
7.055091261863708496e-01 3.554968535900115967e-01
-6.031426191329956055e-01 -5.529262423515319824e-01
-7.405793070793151855e-01 -5.345273613929748535e-01
7.334256917238235474e-02 1.017141155898571014e-03
1.145094484090805054e-01 5.204941704869270325e-02
-5.050733685493469238e-01 -4.308646321296691895e-01
5.212376117706298828e-01 2.951836884021759033e-01
9.472749233245849609e-01 8.211814761161804199e-01
3.283085823059082031e+00 3.049548149108886719e+00
1.457400083541870117e+00 1.492147684097290039e+00
6.688325405120849609e-01 7.171682715415954590e-01
-4.765775799751281738e-01 -3.891365826129913330e-01
-4.666467905044555664e-01 -3.891366124153137207e-01
2.518614828586578369e-01 3.667243123054504395e-01
-2.708593942224979401e-02 -6.672966480255126953e-02
8.534398674964904785e-01 7.113672494888305664e-01
-4.655807912349700928e-01 -6.328839659690856934e-01
1.879740357398986816e+00 1.526534318923950195e+00
1.925682425498962402e+00 2.055277824401855469e+00
9.192935824394226074e-01 1.165040254592895508e+00
2.705482959747314453e+00 2.693825721740722656e+00
1.598896741867065430e+00 1.977826118469238281e+00
1.482785582542419434e+00 1.816864490509033203e+00
1.139333486557006836e+00 1.168156862258911133e+00
1.404370665550231934e+00 1.607443571090698242e+00
8.118353039026260376e-02 1.503987163305282593e-01
1.514378309249877930e+00 2.151411056518554688e+00
-5.161822587251663208e-02 1.738242954015731812e-01
3.859528005123138428e-01 6.048607230186462402e-01
3.699704706668853760e-01 7.073416113853454590e-01
2.836873769760131836e+00 2.885374307632446289e+00
2.964641809463500977e+00 3.204028129577636719e+00
-2.320042578503489494e-03 7.644620537757873535e-02
1.762567400932312012e+00 2.093507766723632812e+00
2.278717041015625000e+00 1.916100740432739258e+00
1.645381093025207520e+00 1.747744560241699219e+00
3.164334535598754883e+00 2.563750267028808594e+00
3.436920046806335449e-02 2.859737351536750793e-02
9.559881687164306641e-01 1.023783445358276367e+00
1.734286308288574219e+00 1.791036963462829590e+00
1.920505762100219727e+00 2.091593265533447266e+00
1.330602407455444336e+00 1.240413427352905273e+00
1.531694829463958740e-01 9.219184517860412598e-01
1.246325016021728516e+00 9.355595707893371582e-01
1.278535723686218262e+00 1.056830644607543945e+00
7.744234800338745117e-01 5.609307885169982910e-01
5.011287927627563477e-01 3.207514286041259766e-01
2.152926623821258545e-01 2.264700680971145630e-01
5.359789729118347168e-01 4.232311248779296875e-01
3.297294378280639648e+00 2.989583969116210938e+00
2.992748841643333435e-02 -5.123603343963623047e-01
-1.105592131614685059e+00 -9.962934851646423340e-01
7.666845321655273438e-01 7.800523638725280762e-01
-1.420715898275375366e-01 -4.529630839824676514e-01
1.037109375000000000e+00 1.022917985916137695e+00
-7.870301008224487305e-01 -8.513219952583312988e-01
-1.596874237060546875e+00 -1.569118142127990723e+00
-1.868916988372802734e+00 -1.684788346290588379e+00
3.408015251159667969e+00 3.026845455169677734e+00
1.593732684850692749e-01 2.194867283105850220e-01
2.341063022613525391e+00 2.221385955810546875e+00
2.367164492607116699e-01 2.746284604072570801e-01
2.746208190917968750e+00 2.203128576278686523e+00
6.640511155128479004e-01 1.115069836378097534e-01
4.672319889068603516e-01 2.829920649528503418e-01
3.929044902324676514e-01 2.841057181358337402e-01
3.727501034736633301e-01 2.259571552276611328e-01
2.356655448675155640e-01 2.069104164838790894e-01
3.769040703773498535e-01 3.826048374176025391e-01
1.938903450965881348e+00 1.896803736686706543e+00
6.220093965530395508e-01 3.301346898078918457e-01
4.108169376850128174e-01 3.394880294799804688e-01
3.016217350959777832e-01 4.800392985343933105e-01
2.870195627212524414e+00 2.830277442932128906e+00
7.918726205825805664e-01 7.472389340400695801e-01
8.359593152999877930e-01 7.490147948265075684e-01
2.861650466918945312e+00 2.864717006683349609e+00
2.144805341958999634e-01 3.654972016811370850e-01
8.626392483711242676e-01 6.972636580467224121e-01
3.555419147014617920e-01 5.044613480567932129e-01
1.431776762008666992e+00 1.676082611083984375e+00
9.082041382789611816e-01 9.644401669502258301e-01
4.698937833309173584e-01 4.363574087619781494e-01
1.270604014396667480e+00 1.317649126052856445e+00
7.690678834915161133e-01 9.114595055580139160e-01
1.980503201484680176e+00 1.760904073715209961e+00
2.050997495651245117e+00 2.104233264923095703e+00
2.655309200286865234e+00 2.407738208770751953e+00
1.489436030387878418e+00 1.523913025856018066e+00
6.138539910316467285e-01 7.159271836280822754e-01
-9.285234212875366211e-01 -8.786209225654602051e-01
1.425701141357421875e+00 1.719145417213439941e+00
2.410407781600952148e+00 2.503677845001220703e+00
-5.528296232223510742e-01 -1.492427289485931396e-01
-8.563072681427001953e-01 -7.238979339599609375e-01
-1.166598320007324219e+00 -1.085198640823364258e+00
2.478392422199249268e-01 5.298814177513122559e-01
-7.949677705764770508e-01 -1.130609869956970215e+00
-1.112268209457397461e+00 -1.115375638008117676e+00
-5.591505169868469238e-01 -5.371437668800354004e-01
-2.376376986503601074e-01 -2.978983819484710693e-01
-1.010297894477844238e+00 -8.388587236404418945e-01
-5.694983601570129395e-01 -4.291018545627593994e-01
-1.258267045021057129e+00 -1.005416035652160645e+00
-3.664212822914123535e-01 -3.461220860481262207e-01
5.987414717674255371e-01 4.820408821105957031e-01
2.182409286499023438e+00 2.013837099075317383e+00
5.217939615249633789e-01 3.631046414375305176e-01
-8.075054287910461426e-01 -7.655644416809082031e-01
1.546717762947082520e+00 1.795200705528259277e+00
-1.103925943374633789e+00 -1.080668807029724121e+00
-4.279126226902008057e-01 -7.521401047706604004e-01
-9.467598199844360352e-01 -7.602716088294982910e-01
-8.117182850837707520e-01 -8.028544783592224121e-01
3.896611630916595459e-01 3.527919650077819824e-01
-6.412902474403381348e-01 -6.937608122825622559e-01
1.156143903732299805e+00 1.362722754478454590e+00
1.365773379802703857e-01 2.092382609844207764e-01
9.275099635124206543e-01 8.933543562889099121e-01
-7.502266764640808105e-01 -7.738237380981445312e-01
-6.945377588272094727e-01 -9.005066752433776855e-01
3.533328771591186523e-01 3.342868685722351074e-01
-1.513926744461059570e+00 -1.363926053047180176e+00
-1.114765644073486328e+00 -9.231139421463012695e-01
-1.085446000099182129e+00 -1.109603047370910645e+00
-8.767209649085998535e-01 -7.210170030593872070e-01
-6.412580013275146484e-01 -7.210170030593872070e-01
-1.370725780725479126e-01 -1.763103008270263672e-01
2.423548221588134766e+00 2.093289375305175781e+00
3.701264619827270508e+00 3.481919288635253906e+00
2.042053788900375366e-01 3.417123556137084961e-01
-3.728750050067901611e-01 -4.210240244865417480e-01
8.894775807857513428e-02 2.752730548381805420e-01
1.238089561462402344e+00 1.317054033279418945e+00
-1.852594614028930664e-01 -2.021601349115371704e-01
-3.162987232208251953e-01 -5.422627329826354980e-01
2.706932723522186279e-01 1.386474967002868652e-01
-1.212641298770904541e-01 -1.059322804212570190e-01
6.139709949493408203e-01 3.888692855834960938e-01
2.518235921859741211e+00 2.245958805084228516e+00
-1.621648818254470825e-01 -2.416786253452301025e-01
7.958234548568725586e-01 1.002213716506958008e+00
3.754468679428100586e+00 3.933971166610717773e+00
-1.010734215378761292e-01 -4.671688005328178406e-02
-6.637344956398010254e-01 -4.192603826522827148e-01
3.472822904586791992e-01 4.402586817741394043e-01
-1.510758161544799805e+00 -1.524291276931762695e+00
-4.788417220115661621e-01 -2.739450931549072266e-01
-1.275042533874511719e+00 -1.068549990653991699e+00
-9.953890442848205566e-01 -7.667865753173828125e-01
-6.178363561630249023e-01 -4.356117546558380127e-01
-1.191640138626098633e+00 -9.367564320564270020e-01
-1.011095881462097168e+00 -1.015587687492370605e+00
-6.777834892272949219e-01 -9.425654411315917969e-01
-4.058626890182495117e-01 -6.923921108245849609e-01
-6.582365632057189941e-01 -1.168265461921691895e+00
3.013267517089843750e-01 4.203028082847595215e-01
4.862000942230224609e-01 3.722866773605346680e-01
-4.886280298233032227e-01 -4.326111674308776855e-01
-2.431904524564743042e-01 -1.634642779827117920e-01
-4.574312567710876465e-01 -4.945756196975708008e-01
-1.406917095184326172e+00 -1.293448805809020996e+00
7.482085824012756348e-01 6.647179126739501953e-01
-5.237689614295959473e-01 -5.735031962394714355e-01
-4.631512165069580078e-01 -4.848770499229431152e-01
1.426963657140731812e-01 3.118177056312561035e-01
1.236442327499389648e+00 1.304677605628967285e+00
-7.635103464126586914e-01 -9.581282138824462891e-01
3.601834876462817192e-03 -2.736543864011764526e-02
-1.681501567363739014e-01 -1.114484965801239014e-01
-2.405797839164733887e-01 -4.297124147415161133e-01
2.226156443357467651e-01 1.501859128475189209e-01
1.449819803237915039e-01 1.168023571372032166e-01
-1.213730692863464355e+00 -1.259441494941711426e+00
1.136136651039123535e+00 1.338139891624450684e+00
-7.837460637092590332e-01 -6.907153129577636719e-01
3.105259656906127930e+00 2.504231452941894531e+00
2.499659776687622070e+00 2.607216358184814453e+00
-7.094470262527465820e-01 -6.597672104835510254e-01
1.248687863349914551e+00 1.176367640495300293e+00
-7.530825138092041016e-01 -7.174751162528991699e-01
5.261530876159667969e-01 5.964284539222717285e-01
2.343422621488571167e-01 1.044207289814949036e-01
8.548698425292968750e-01 7.094516158103942871e-01
-7.817395031452178955e-02 -3.176769316196441650e-01
8.249201774597167969e-01 1.062119603157043457e+00
7.201206684112548828e-02 -1.542662829160690308e-01
-1.226305514574050903e-01 -1.667242646217346191e-01
-3.774069249629974365e-01 -3.930817842483520508e-01
1.006875872611999512e+00 1.264414191246032715e+00
-2.157967537641525269e-01 -3.498675227165222168e-01
-8.891823142766952515e-02 1.279221028089523315e-01
3.325526416301727295e-01 8.293288350105285645e-01
6.936916708946228027e-02 1.298663318157196045e-01
2.285760164260864258e+00 2.373668432235717773e+00
2.656439244747161865e-01 2.241773009300231934e-01
-3.104363083839416504e-01 -6.327451020479202271e-02
-5.470057129859924316e-01 -5.934532284736633301e-01
1.425874233245849609e+00 1.506712436676025391e+00
-3.795832991600036621e-01 -3.994593024253845215e-01
-6.356014609336853027e-01 -6.925858855247497559e-01
1.606218665838241577e-01 3.463008403778076172e-01
-1.711378432810306549e-02 -1.633689180016517639e-02
-9.393300414085388184e-01 -9.205374717712402344e-01
-4.196562767028808594e-01 -3.892038464546203613e-01
9.484391659498214722e-02 2.147385776042938232e-01
1.965466380119323730e+00 2.075625419616699219e+00
1.234446883201599121e+00 1.417245507240295410e+00
3.973972201347351074e-01 2.993273735046386719e-01
1.144893094897270203e-01 2.220776677131652832e-01
-8.870696425437927246e-01 -8.971862196922302246e-01
-8.571490645408630371e-02 -1.087694168090820312e-01
-8.075783848762512207e-01 -1.031489849090576172e+00
-9.590980410575866699e-01 -9.733858108520507812e-01
1.015225052833557129e+00 1.239508509635925293e+00
-7.924972772598266602e-01 -6.105239987373352051e-01
2.098973751068115234e+00 1.639971375465393066e+00
1.902728915214538574e+00 1.692464351654052734e+00
1.420242786407470703e+00 1.341708779335021973e+00
1.546283364295959473e+00 1.341708779335021973e+00
1.115688562393188477e+00 1.276213049888610840e+00
1.262638449668884277e+00 1.276213049888610840e+00
1.030062198638916016e+00 1.191961288452148438e+00
5.736732482910156250e-01 7.711690068244934082e-01
1.277627110481262207e+00 1.338699936866760254e+00
-2.019601687788963318e-02 3.710235953330993652e-01
6.966266632080078125e-01 6.806430816650390625e-01
-3.314111232757568359e-01 -3.385024070739746094e-01
2.440790385007858276e-01 5.844131112098693848e-01
2.133202314376831055e+00 2.516637802124023438e+00
-3.040390610694885254e-01 -1.665157973766326904e-01
-4.765743315219879150e-01 -1.670067161321640015e-01
1.019028782844543457e+00 1.473000884056091309e+00
-1.119510173797607422e+00 -1.357614636421203613e+00
2.000941276550292969e+00 2.309068202972412109e+00
4.774856269359588623e-01 4.389656186103820801e-01
5.443595051765441895e-01 6.910340785980224609e-01
-4.997800588607788086e-01 -5.811364054679870605e-01
2.100373268127441406e+00 1.844830513000488281e+00
1.091565370559692383e+00 9.030290842056274414e-01
1.437964677810668945e+00 1.668276906013488770e+00
3.352277874946594238e-01 4.321475625038146973e-01
5.304560065269470215e-01 5.744408369064331055e-01
9.105203747749328613e-01 8.644984364509582520e-01
1.421597957611083984e+00 1.239534735679626465e+00
1.089990854263305664e+00 8.123611807823181152e-01
4.577260911464691162e-01 4.788590073585510254e-01
4.827217757701873779e-01 3.274004459381103516e-01
2.254602909088134766e+00 2.177589416503906250e+00
5.219889283180236816e-01 6.211923360824584961e-01
-1.118861362338066101e-01 -9.644419699907302856e-02
8.166612684726715088e-02 5.309356003999710083e-02
4.587028324604034424e-01 3.794595301151275635e-01
6.992210149765014648e-01 8.157301545143127441e-01
5.553176999092102051e-01 9.222269058227539062e-01
1.865650892257690430e+00 2.110363483428955078e+00
-2.499589443206787109e+00 -2.586762905120849609e+00
7.834604978561401367e-01 6.687621474266052246e-01
-2.261429071426391602e+00 -1.854488849639892578e+00
-2.729279279708862305e+00 -2.788197517395019531e+00
-5.478140115737915039e-01 -9.449256062507629395e-01
-1.016538143157958984e+00 -9.690620303153991699e-01
-2.916502714157104492e+00 -2.919793605804443359e+00
-8.812479972839355469e-01 -8.556346297264099121e-01
-2.591766834259033203e+00 -2.530710458755493164e+00
8.537740111351013184e-01 7.818873524665832520e-01
7.425828576087951660e-01 8.508921265602111816e-01
-4.350146651268005371e-01 -4.217149019241333008e-01
-7.300581336021423340e-01 -6.987413763999938965e-01
6.613597869873046875e-01 -7.515097260475158691e-01
5.865024924278259277e-01 -7.464503049850463867e-01
1.741508603096008301e+00 1.587244868278503418e+00
9.255520701408386230e-01 5.924689173698425293e-01
1.736585378646850586e+00 1.567705750465393066e+00
-1.144149661064147949e+00 -6.872363686561584473e-01
1.697064757347106934e+00 1.779499173164367676e+00
1.067301273345947266e+00 9.893234968185424805e-01
1.087034702301025391e+00 9.607560038566589355e-01
6.522956490516662598e-01 2.900270223617553711e-01
9.526161104440689087e-02 2.142348885536193848e-01
1.089213490486145020e+00 1.228965163230895996e+00
-7.421599030494689941e-01 -6.841675639152526855e-01
-5.979208946228027344e-01 -5.857829451560974121e-01
-6.297196149826049805e-01 -6.201134324073791504e-01
-5.989497900009155273e-01 -6.191079020500183105e-01
1.227206215262413025e-01 1.356432437896728516e-01
-1.009080886840820312e+00 -1.007839560508728027e+00
-4.932942390441894531e-01 -3.621979355812072754e-01
-1.066905140876770020e+00 -9.689599871635437012e-01
-7.249732017517089844e-01 3.364250995218753815e-03
-5.117530822753906250e-01 -5.092210173606872559e-01
1.624346494674682617e+00 1.661161780357360840e+00
-6.773375719785690308e-02 -1.636596322059631348e-01
-1.705550998449325562e-01 1.785494387149810791e-01
6.515766028314828873e-03 -1.342182159423828125e-01
1.566965579986572266e+00 1.677116990089416504e+00
-5.498137474060058594e-01 -5.184335112571716309e-01
-7.158294320106506348e-02 1.102696880698204041e-01
5.292204618453979492e-01 5.682936310768127441e-01
1.198130011558532715e+00 1.324357032775878906e+00
1.457297444343566895e+00 1.324561119079589844e+00
5.482073426246643066e-01 3.200055360794067383e-01
2.900443673133850098e-01 5.184010863304138184e-01
-1.109537124633789062e+00 -1.081756472587585449e+00
6.849664449691772461e-01 9.699306488037109375e-01
1.562432885169982910e+00 1.357004523277282715e+00
8.559920191764831543e-01 7.837868332862854004e-01
1.162482738494873047e+00 1.173393607139587402e+00
3.762422874569892883e-02 -4.376395046710968018e-02
-1.960771977901458740e-01 -1.238970160484313965e-01
2.751336336135864258e+00 3.029732704162597656e+00
2.681489944458007812e+00 2.750934600830078125e+00
1.402263641357421875e+00 1.765724539756774902e+00
3.559892475605010986e-01 2.304956614971160889e-01
3.566624522209167480e-01 6.375435590744018555e-01
1.422972202301025391e+00 1.436798214912414551e+00
2.787420034408569336e+00 2.991957664489746094e+00
1.936891913414001465e+00 1.671428084373474121e+00
1.590530157089233398e+00 1.841689467430114746e+00
2.195174932479858398e+00 1.914244294166564941e+00
-1.134932279586791992e+00 -6.155907511711120605e-01
1.778853297233581543e+00 1.749720931053161621e+00
3.075640201568603516e-01 2.395930886268615723e-01
2.294259890913963318e-02 1.281244214624166489e-02
1.543372988700866699e+00 1.419058442115783691e+00
1.973126053810119629e+00 1.732137322425842285e+00
1.632230520248413086e+00 1.853826045989990234e+00
-5.719833076000213623e-02 3.521951660513877869e-02
4.590393006801605225e-01 3.569407165050506592e-01
1.013092100620269775e-01 6.223558783531188965e-01
2.017056047916412354e-01 6.866152882575988770e-01
1.802345924079418182e-02 -1.469593588262796402e-02
-5.375255271792411804e-02 -1.220225989818572998e-01
2.584128975868225098e-01 7.244126200675964355e-01
1.104155421257019043e+00 4.275640845298767090e-01
-8.234568834304809570e-01 -9.299620389938354492e-01
8.561490774154663086e-01 3.371084928512573242e-01
5.502549931406974792e-03 2.751885354518890381e-01
5.743996426463127136e-02 2.808164358139038086e-01
-1.573640227317810059e+00 -1.636426329612731934e+00
-1.159149169921875000e+00 -1.009174942970275879e+00
-1.650506615638732910e+00 -1.541373252868652344e+00
-7.848653197288513184e-01 -1.008343100547790527e+00
2.276021957397460938e+00 2.217012405395507812e+00
-1.912950724363327026e-01 -1.097185909748077393e-01
-1.427120566368103027e+00 -1.433590531349182129e+00
2.329468011856079102e+00 2.474406480789184570e+00
-1.222425460815429688e+00 -1.394691824913024902e+00
-5.004640221595764160e-01 -7.766533493995666504e-01
-5.706074833869934082e-01 -6.699320673942565918e-01
2.568625926971435547e+00 2.207641601562500000e+00
-1.911620497703552246e+00 -1.673914790153503418e+00
8.816352486610412598e-02 1.497148275375366211e-01
4.994989559054374695e-02 1.683117151260375977e-01
-3.506295680999755859e-01 1.698196828365325928e-01
-1.602132797241210938e+00 -1.661890029907226562e+00
1.470221579074859619e-01 2.017934024333953857e-01
-1.651013016700744629e+00 -1.567700147628784180e+00
-1.600097179412841797e+00 -1.547687172889709473e+00
3.624265193939208984e-01 1.687592267990112305e-01
4.428621530532836914e-01 2.215649187564849854e-01
2.058270424604415894e-01 2.291247993707656860e-01
2.925857901573181152e-01 3.231121897697448730e-01
3.333725035190582275e-01 2.549373209476470947e-01
-1.359848119318485260e-02 2.168130278587341309e-01
9.197809696197509766e-01 9.011918902397155762e-01
2.944681346416473389e-01 3.125889599323272705e-01
4.167996346950531006e-01 3.285201787948608398e-01
6.620666980743408203e-01 6.421448588371276855e-01
2.615618109703063965e-01 4.534450471401214600e-01
4.108493030071258545e-01 5.635201334953308105e-01
1.003046870231628418e+00 1.046834230422973633e+00
1.003192663192749023e+00 1.026799082756042480e+00
9.517392516136169434e-01 7.899844050407409668e-01
1.276903748512268066e-01 1.386671066284179688e-01
1.934363245964050293e+00 1.965952515602111816e+00
6.459242105484008789e-01 7.695953249931335449e-01
1.442510128021240234e+00 1.676531672477722168e+00
1.225232839584350586e+00 9.577842354774475098e-01
1.505689382553100586e+00 1.137427091598510742e+00
4.718500077724456787e-01 4.092140495777130127e-01
1.012100338935852051e+00 7.115296721458435059e-01
1.052484393119812012e+00 1.306094527244567871e+00
-7.234214544296264648e-01 -6.971668601036071777e-01
9.940810799598693848e-01 1.002398967742919922e+00
5.709006786346435547e-01 5.823534727096557617e-01
6.828877925872802734e-01 5.855720043182373047e-01
1.614059448242187500e+00 2.039461612701416016e+00
8.589441776275634766e-01 8.748438954353332520e-01
1.395891189575195312e+00 1.590990185737609863e+00
3.067950487136840820e+00 3.160874128341674805e+00
2.170533895492553711e+00 2.382400035858154297e+00
-7.072311043739318848e-01 -7.190195322036743164e-01
-1.349353075027465820e+00 -1.385021805763244629e+00
2.538895606994628906e-01 -9.112339466810226440e-05
-5.183911323547363281e-01 -5.257330536842346191e-01
9.199352562427520752e-02 -2.771547436714172363e-01
-1.411418914794921875e+00 -1.262372136116027832e+00
1.387313365936279297e+00 1.555903792381286621e+00
-1.171837210655212402e+00 -1.092392563819885254e+00
-1.167412757873535156e+00 -1.213994860649108887e+00
1.140336543321609497e-01 -2.192112207412719727e-01
1.407116174697875977e+00 1.562103867530822754e+00
-1.291327953338623047e+00 -9.614934325218200684e-01
-1.143127560615539551e+00 -1.105111956596374512e+00
2.543659210205078125e+00 2.595062017440795898e+00
1.206146717071533203e+00 1.122769117355346680e+00
-1.460407376289367676e+00 -1.162204265594482422e+00
-7.528021335601806641e-01 -7.311058044433593750e-01
-6.998863220214843750e-01 -7.311058044433593750e-01
-5.325165987014770508e-01 -7.967779636383056641e-01
-9.236254096031188965e-01 -9.163274765014648438e-01
-5.237818360328674316e-01 -3.203032314777374268e-01
-1.218256473541259766e+00 -1.177967786788940430e+00
-6.564173698425292969e-01 -4.592515230178833008e-01
-1.269766211509704590e+00 -1.099056839942932129e+00
8.428190350532531738e-01 9.121538996696472168e-01
-4.363987445831298828e-01 -5.263774394989013672e-01
-1.334921836853027344e+00 -1.387751460075378418e+00
5.778716802597045898e-01 5.788528323173522949e-01
-1.193003773689270020e+00 -1.092782855033874512e+00
1.865511834621429443e-01 1.217037290334701538e-01
-1.694914698600769043e+00 -1.851586818695068359e+00
-1.351249814033508301e+00 -1.254801034927368164e+00
8.367639183998107910e-01 1.017333507537841797e+00
1.473757624626159668e-01 6.300777196884155273e-02
-1.748741507530212402e+00 -1.508134007453918457e+00
3.637470901012420654e-01 9.093765914440155029e-02
-7.308093458414077759e-02 9.093765914440155029e-02
-1.508293986320495605e+00 -1.459583163261413574e+00
2.747545003890991211e+00 2.780451536178588867e+00
2.730927765369415283e-01 3.295720219612121582e-01
1.229772806167602539e+00 1.367877125740051270e+00
-4.157532006502151489e-02 1.610426902770996094e-01
1.070223748683929443e-02 -1.975081861019134521e-01
-6.071242094039916992e-01 -5.535759329795837402e-01
-1.146517634391784668e+00 -1.082502365112304688e+00
6.940368413925170898e-01 9.330997467041015625e-01
2.036635996773838997e-03 -5.929034575819969177e-02
2.782629251480102539e+00 2.692712545394897461e+00
-1.690235257148742676e+00 -1.490277528762817383e+00
-9.872248172760009766e-01 -9.053811430931091309e-01
2.927465438842773438e+00 3.068774700164794922e+00
-1.927280277013778687e-01 -1.885692775249481201e-01
8.378468155860900879e-01 9.738593101501464844e-01
2.867822647094726562e+00 2.963242292404174805e+00
-8.765081763267517090e-01 -6.157041788101196289e-01
-7.330934405326843262e-01 -6.447004079818725586e-01
-1.096239686012268066e+00 -1.012867808341979980e+00
-1.119170308113098145e+00 -1.113169550895690918e+00
-1.118764042854309082e+00 -1.113415360450744629e+00
-7.291256189346313477e-01 -6.230893135070800781e-01
2.892409563064575195e-01 3.780679106712341309e-01
-4.163587987422943115e-01 -1.765110194683074951e-01
1.864395976066589355e+00 1.738660454750061035e+00
-1.508159637451171875e+00 -1.320380330085754395e+00
6.358323693275451660e-01 6.434352993965148926e-01
1.939685225486755371e+00 1.601560473442077637e+00
-4.551483690738677979e-01 -4.313755035400390625e-01
-2.885437905788421631e-01 -1.711624562740325928e-01
1.001213312149047852e+00 9.017465114593505859e-01
-5.509184002876281738e-01 -3.825259804725646973e-01
-2.440602704882621765e-02 2.370857596397399902e-01
1.461446523666381836e+00 1.661828875541687012e+00
-8.385642170906066895e-01 -7.401903271675109863e-01
-6.164034008979797363e-01 -6.470111012458801270e-01
-6.991788148880004883e-01 -9.307742118835449219e-01
-5.967938303947448730e-01 -2.295368015766143799e-01
-1.046432137489318848e+00 -9.615367054939270020e-01
-6.658776402473449707e-01 -5.553919076919555664e-01
-2.367390394210815430e-01 -2.572337985038757324e-01
-6.344280838966369629e-01 -6.314456462860107422e-01
-4.362773895263671875e-01 -5.045175552368164062e-01
2.535596370697021484e+00 2.447863817214965820e+00
-4.875558912754058838e-01 -4.473489522933959961e-01
-4.076402783393859863e-01 -4.472855329513549805e-01
-6.810209155082702637e-01 -7.982546091079711914e-01
9.717043638229370117e-01 9.590477347373962402e-01
-1.144372940063476562e+00 -9.538296461105346680e-01
3.464970827102661133e+00 3.514303922653198242e+00
5.012954473495483398e-01 3.592028021812438965e-01
8.681178689002990723e-01 9.405238628387451172e-01
4.818803966045379639e-01 6.780287623405456543e-01
-3.269262611865997314e-01 -3.428409695625305176e-01
-8.116951584815979004e-01 -7.862386703491210938e-01
-5.486705899238586426e-01 -4.060188531875610352e-01
-2.176657617092132568e-01 -2.623779177665710449e-01
-3.929561972618103027e-01 -2.883839607238769531e-01
-3.323965668678283691e-01 -2.883839607238769531e-01
9.637416601181030273e-01 7.654753327369689941e-01
-9.044027328491210938e-01 -7.761348485946655273e-01
-4.598601460456848145e-01 -4.205437600612640381e-01
-2.187942266464233398e-01 -5.316187143325805664e-01
-2.096955478191375732e-01 -8.822190761566162109e-02
9.767979383468627930e-01 7.853318452835083008e-01
2.437456130981445312e+00 2.799975156784057617e+00
-2.542709112167358398e-01 -5.676421523094177246e-01
-5.166460871696472168e-01 -4.631071984767913818e-01
-5.982601046562194824e-01 -5.958950519561767578e-01
-6.823971271514892578e-01 -6.185833811759948730e-01
1.354966878890991211e+00 1.377952456474304199e+00
9.592251181602478027e-01 9.900664091110229492e-01
1.215652227401733398e+00 1.435515403747558594e+00
-7.023975253105163574e-01 -6.320326328277587891e-01
-1.471421569585800171e-01 -1.207942664623260498e-01
-6.777645349502563477e-01 -6.779445409774780273e-01
1.075898408889770508e+00 1.012916207313537598e+00
-7.378494739532470703e-01 -6.867743730545043945e-01
2.571264982223510742e+00 2.792176008224487305e+00
2.548756897449493408e-01 3.808163404464721680e-01
-4.178218245506286621e-01 -4.170678257942199707e-01
2.132218778133392334e-01 1.489553451538085938e-01
-3.162968635559082031e+00 -2.888130426406860352e+00
-2.833078145980834961e+00 -2.888233900070190430e+00
2.244615405797958374e-01 2.391889691352844238e-01
-5.340900644659996033e-02 1.639842391014099121e-01
1.085738658905029297e+00 1.069365262985229492e+00
1.665339589118957520e+00 1.728260397911071777e+00
2.202131748199462891e+00 1.880150318145751953e+00
1.058241844177246094e+00 1.229965090751647949e+00
1.295447945594787598e+00 1.237173795700073242e+00
1.009781002998352051e+00 1.006215691566467285e+00
-1.962058186531066895e+00 -2.119779825210571289e+00
1.023184180259704590e+00 1.020581007003784180e+00
1.027437090873718262e+00 1.020581007003784180e+00
-2.431505918502807617e-01 -3.389783948659896851e-02
5.486202836036682129e-01 4.191849231719970703e-01
1.739893674850463867e+00 2.004544019699096680e+00
-4.778917729854583740e-01 -4.329817593097686768e-01
-6.097643971443176270e-01 -4.365866184234619141e-01
5.250092148780822754e-01 2.362744808197021484e-01
-3.914454281330108643e-01 -2.925164401531219482e-01
5.795773267745971680e-01 3.982201218605041504e-01
2.872886657714843750e-01 4.045485258102416992e-01
8.200449943542480469e-01 7.784897089004516602e-01
1.934793472290039062e+00 1.317763686180114746e+00
-5.048342943191528320e-01 -8.904911279678344727e-01
-5.437518954277038574e-01 -8.858444690704345703e-01
-7.101067900657653809e-01 -8.410368561744689941e-01
-8.657670617103576660e-01 -8.895925879478454590e-01
-8.518028259277343750e-01 -7.827981114387512207e-01
3.874965012073516846e-01 3.579545915126800537e-01
1.708892822265625000e+00 1.735565066337585449e+00
5.152275562286376953e-01 6.406379938125610352e-01
2.776442527770996094e+00 2.643432855606079102e+00
1.045305013656616211e+00 1.008984208106994629e+00
3.773938715457916260e-01 3.679308891296386719e-01
1.500222086906433105e-01 5.060178637504577637e-01
6.054229736328125000e-01 4.722189307212829590e-01
-3.825412988662719727e-01 -3.717655241489410400e-01
9.887599349021911621e-01 1.251655936241149902e+00
2.118310689926147461e+00 2.246537446975708008e+00
8.603797554969787598e-01 1.053003072738647461e+00
1.359846949577331543e+00 1.091432929039001465e+00
4.715806245803833008e-01 4.478396773338317871e-01
2.283658027648925781e+00 2.271228551864624023e+00
1.406245827674865723e+00 1.044327616691589355e+00
2.335164546966552734e+00 2.386726617813110352e+00
3.870094537734985352e+00 3.986702680587768555e+00
-2.285075932741165161e-02 4.724850505590438843e-02
6.039031744003295898e-01 2.163839340209960938e-01
2.837228775024414062e+00 2.484805822372436523e+00
8.396076560020446777e-01 5.745580196380615234e-01
1.712206006050109863e+00 1.757346272468566895e+00
2.791769266128540039e+00 2.885770082473754883e+00
6.289511322975158691e-01 6.883409023284912109e-01
-2.776879072189331055e+00 -2.702301740646362305e+00
-2.997132062911987305e+00 -2.940651655197143555e+00
-2.634641885757446289e+00 -2.591205835342407227e+00
7.716029882431030273e-01 9.142861366271972656e-01
8.570035099983215332e-01 7.962916493415832520e-01
1.479609459638595581e-01 2.250462174415588379e-01
9.769112467765808105e-01 1.017148613929748535e+00
1.357578277587890625e+00 1.537096142768859863e+00
-4.084928035736083984e-01 -3.573542833328247070e-01
-5.624345541000366211e-01 -5.545157194137573242e-01
1.315863728523254395e+00 1.457492470741271973e+00
-7.658385485410690308e-02 -8.022494614124298096e-02
-5.963438749313354492e-01 -6.198412179946899414e-01
1.464582920074462891e+00 1.139602422714233398e+00
-1.926492452621459961e-01 -2.278834432363510132e-01
-2.454314380884170532e-01 -1.901733577251434326e-01
2.189272880554199219e+00 2.562814712524414062e+00
2.720136642456054688e+00 3.116163730621337891e+00
7.936851978302001953e-01 7.925380468368530273e-01
2.231986522674560547e-01 5.819076895713806152e-01
-5.542607903480529785e-01 -6.608099937438964844e-01
-1.118175625801086426e+00 -7.239387035369873047e-01
1.120667099952697754e+00 9.607166647911071777e-01
-6.488159894943237305e-01 -6.247575879096984863e-01
-3.071346282958984375e-01 -1.216210722923278809e+00
1.662112176418304443e-01 1.391786485910415649e-01
-7.014715075492858887e-01 -6.519616842269897461e-01
-4.534430205821990967e-01 -2.880079746246337891e-01
-4.428064823150634766e-01 -4.755363166332244873e-01
1.512431800365447998e-01 2.145629376173019409e-01
3.680575191974639893e-01 5.369678735733032227e-01
-4.020958244800567627e-01 -5.179750323295593262e-01
1.404556751251220703e+00 1.087729096412658691e+00
5.252469182014465332e-01 5.723297595977783203e-01
1.725411266088485718e-01 3.802255392074584961e-01
1.862849950790405273e+00 1.652215719223022461e+00
-1.534573733806610107e-01 -1.979008689522743225e-02
8.213865160942077637e-01 8.184916973114013672e-01
-6.339340806007385254e-01 -6.773382425308227539e-01
5.560623407363891602e-01 5.012368559837341309e-01
9.502223134040832520e-01 9.231289625167846680e-01
6.035804748535156250e-01 6.395928859710693359e-01
4.828034341335296631e-02 3.276714310050010681e-02
-2.787271440029144287e-01 -1.993291825056076050e-01
6.129381656646728516e-01 6.604287624359130859e-01
3.692581951618194580e-01 5.909106731414794922e-01
6.623848080635070801e-01 6.038151383399963379e-01
1.527130007743835449e-01 3.186366558074951172e-01
2.384117245674133301e-01 3.502452671527862549e-01
-7.022237777709960938e-02 -6.725108623504638672e-02
1.389212489128112793e+00 1.958141922950744629e+00
7.656686305999755859e-01 4.343236684799194336e-01
5.190979689359664917e-02 -3.923966586589813232e-01
2.718874454498291016e+00 2.645887136459350586e+00
2.212081193923950195e+00 1.899781107902526855e+00
1.015105247497558594e+00 8.813804984092712402e-01
1.530313789844512939e-01 3.864709660410881042e-02
-6.275680065155029297e-01 -5.872330665588378906e-01
2.457392029464244843e-02 -6.870523095130920410e-02
4.588645994663238525e-01 2.978588640689849854e-01
7.914240658283233643e-02 2.685723267495632172e-02
-3.779443502426147461e-01 -3.881369233131408691e-01
2.006310939788818359e+00 1.871014356613159180e+00
3.989447355270385742e-01 4.427831470966339111e-01
1.341368675231933594e+00 1.265677332878112793e+00
-7.896906882524490356e-02 -4.087263718247413635e-02
1.022917747497558594e+00 3.622147440910339355e-01
-1.246164366602897644e-01 1.024990677833557129e-01
8.360618948936462402e-01 3.497607111930847168e-01
-1.744234710931777954e-01 -3.238525986671447754e-01
4.117209017276763916e-01 3.760591745376586914e-01
1.297924518585205078e-01 4.117690920829772949e-01
7.863069325685501099e-02 5.941693186759948730e-01
2.113390445709228516e+00 1.675274968147277832e+00
-1.821612119674682617e+00 -1.558474421501159668e+00
-1.223815083503723145e+00 -9.598967432975769043e-01
-9.755524396896362305e-01 -9.598966836929321289e-01
-1.385876893997192383e+00 -1.466066956520080566e+00
8.813590556383132935e-02 4.285639524459838867e-01
-1.480432629585266113e+00 -1.335455179214477539e+00
-9.212678074836730957e-01 -8.165206909179687500e-01
-1.312370061874389648e+00 -1.422267675399780273e+00
-6.804885268211364746e-01 -5.687261223793029785e-01
1.362470746040344238e+00 1.218101620674133301e+00
1.210811361670494080e-01 1.529024690389633179e-01
-1.169322967529296875e+00 -8.246424198150634766e-01
-1.006882071495056152e+00 -8.253566026687622070e-01
2.355357557535171509e-01 2.734892964363098145e-01
1.990550756454467773e-01 2.734892964363098145e-01
1.788378357887268066e-01 2.943679392337799072e-01
4.585021436214447021e-01 2.933898866176605225e-01
-5.441110730171203613e-01 -3.422580361366271973e-01
1.270425796508789062e+00 1.267990708351135254e+00
1.229021191596984863e+00 1.313640236854553223e+00
7.093271613121032715e-01 8.208346366882324219e-01
7.664026618003845215e-01 8.163518905639648438e-01
1.086635589599609375e+00 1.074964761734008789e+00
1.272767663002014160e+00 1.281187534332275391e+00
8.884885311126708984e-01 8.257886767387390137e-01
5.958208441734313965e-01 8.759305477142333984e-01
1.233940839767456055e+00 1.223723769187927246e+00
2.558430194854736328e+00 2.749068975448608398e+00
2.272789239883422852e+00 2.477648496627807617e+00
8.008657097816467285e-01 8.770146369934082031e-01
-5.325893685221672058e-02 -2.597137987613677979e-01
1.780609965324401855e+00 1.723996520042419434e+00
6.069100499153137207e-01 5.486487150192260742e-01
7.327861189842224121e-01 7.370808124542236328e-01
4.855900108814239502e-01 4.520437121391296387e-01
1.811399817466735840e+00 1.540293812751770020e+00
1.555667638778686523e+00 1.556310534477233887e+00
1.629166483879089355e+00 1.428876280784606934e+00
1.279017329216003418e+00 1.446548223495483398e+00
7.322768568992614746e-01 1.187332153320312500e+00
1.411642670631408691e+00 1.183190941810607910e+00
1.497690796852111816e+00 1.205959439277648926e+00
3.145599365234375000e+00 3.106645107269287109e+00
1.181297063827514648e+00 9.482052326202392578e-01
9.467790126800537109e-01 1.322161197662353516e+00
7.717046141624450684e-01 1.282785534858703613e+00
9.629968404769897461e-01 9.751483201980590820e-01
2.152432203292846680e+00 1.697570323944091797e+00
