7.212164998054504395e-01 4.969086647033691406e-01
6.898897886276245117e-01 6.656598448753356934e-01
7.676780223846435547e-01 7.212674617767333984e-01
5.870024561882019043e-01 5.928142666816711426e-01
8.400510549545288086e-01 6.882818341255187988e-01
6.985473632812500000e-01 5.017187595367431641e-01
6.478546261787414551e-01 6.490128040313720703e-01
1.522766590118408203e+00 1.466924667358398438e+00
9.580009579658508301e-01 8.869550228118896484e-01
1.561294198036193848e+00 1.519632816314697266e+00
7.804770469665527344e-01 6.576004028320312500e-01
8.783030509948730469e-01 8.695220947265625000e-01
1.243610262870788574e+00 1.431253194808959961e+00
5.427311658859252930e-01 6.421857476234436035e-01
7.358779907226562500e-01 6.449885964393615723e-01
7.801508903503417969e-01 8.140134811401367188e-01
4.483948945999145508e-01 5.376435518264770508e-01
5.986395478248596191e-01 6.234018802642822266e-01
1.040160775184631348e+00 1.044225454330444336e+00
5.979216098785400391e-01 6.597205996513366699e-01
5.284191966056823730e-01 6.510193943977355957e-01
1.037802696228027344e+00 1.113487362861633301e+00
6.679847836494445801e-01 7.589149475097656250e-01
8.925020694732666016e-01 9.044026136398315430e-01
6.698458790779113770e-01 7.055290937423706055e-01
6.040139198303222656e-01 8.134490251541137695e-01
6.879974007606506348e-01 7.347889542579650879e-01
9.398141503334045410e-01 8.134490251541137695e-01
9.978112578392028809e-01 1.018101453781127930e+00
5.485715866088867188e-01 6.293908357620239258e-01
1.105431675910949707e+00 1.122146248817443848e+00
9.888076782226562500e-01 1.146585226058959961e+00
4.924037456512451172e-01 6.261106133460998535e-01
6.895627379417419434e-01 8.628820180892944336e-01
5.657511949539184570e-01 6.614398956298828125e-01
3.750819861888885498e-01 4.344977736473083496e-01
8.150886893272399902e-01 7.266881465911865234e-01
6.124411821365356445e-01 7.109299898147583008e-01
1.081157445907592773e+00 1.108319759368896484e+00
6.675998568534851074e-01 6.814309358596801758e-01
5.974900126457214355e-01 8.743146657943725586e-01
4.398740530014038086e-01 4.469791054725646973e-01
1.311668038368225098e+00 1.256164550781250000e+00
1.028896570205688477e+00 1.103748559951782227e+00
6.041995286941528320e-01 8.428724408149719238e-01
9.701288342475891113e-01 1.068450927734375000e+00
6.604992151260375977e-01 7.371459007263183594e-01
1.722958326339721680e+00 1.731107831001281738e+00
7.509344816207885742e-01 1.013091206550598145e+00
1.127895712852478027e+00 1.077889919281005859e+00
5.039169788360595703e-01 5.963094234466552734e-01
1.265214323997497559e+00 1.357925176620483398e+00
1.264724135398864746e+00 1.279418230056762695e+00
5.468242168426513672e-01 6.602284908294677734e-01
7.243836522102355957e-01 7.253204584121704102e-01
6.205203533172607422e-01 7.422239780426025391e-01
7.911421656608581543e-01 7.433319091796875000e-01
5.728875398635864258e-01 6.249410510063171387e-01
8.087288737297058105e-01 7.930370569229125977e-01
1.154958367347717285e+00 9.763898253440856934e-01
1.321384072303771973e+00 1.080820083618164062e+00
7.226948738098144531e-01 8.227172493934631348e-01
8.150092363357543945e-01 8.815039396286010742e-01
6.169313192367553711e-01 6.142587661743164062e-01
1.054200053215026855e+00 1.033911466598510742e+00
6.316250562667846680e-01 7.708771824836730957e-01
9.312629699707031250e-01 9.854362010955810547e-01
8.867410421371459961e-01 8.378778696060180664e-01
9.007116556167602539e-01 8.767569661140441895e-01
8.333202004432678223e-01 8.656932115554809570e-01
9.478775262832641602e-01 7.995867133140563965e-01
6.864222884178161621e-01 6.921933889389038086e-01
6.018827557563781738e-01 6.584045290946960449e-01
7.293698787689208984e-01 8.923079967498779297e-01
7.946094274520874023e-01 8.927602767944335938e-01
1.952316164970397949e+00 9.136334657669067383e-01
1.796582818031311035e+00 7.843568921089172363e-01
1.047347784042358398e+00 9.616367816925048828e-01
1.039109826087951660e+00 1.013226985931396484e+00
7.953853607177734375e-01 8.411366939544677734e-01
7.477508783340454102e-01 6.590821743011474609e-01
1.630117654800415039e+00 1.678602933883666992e+00
8.908293843269348145e-01 9.125621914863586426e-01
8.115710616111755371e-01 9.097193479537963867e-01
8.961300849914550781e-01 9.052249193191528320e-01
6.244758367538452148e-01 6.342157125473022461e-01
4.879692196846008301e-01 6.291186809539794922e-01
1.158330798149108887e+00 1.079254269599914551e+00
7.811931371688842773e-01 1.026746273040771484e+00
1.170895099639892578e+00 1.216128826141357422e+00
8.163689970970153809e-01 9.612662792205810547e-01
7.799052000045776367e-01 8.052752017974853516e-01
9.843379259109497070e-01 9.687035679817199707e-01
8.687077760696411133e-01 9.502888917922973633e-01
9.062696695327758789e-01 1.037185788154602051e+00
1.230588555335998535e+00 1.253323435783386230e+00
1.118675589561462402e+00 1.416071176528930664e+00
9.964467287063598633e-01 9.230455756187438965e-01
1.004022955894470215e+00 9.341861009597778320e-01
-1.830165535211563110e-01 -1.395672559738159180e-01
9.541050195693969727e-01 9.664168357849121094e-01
8.520860075950622559e-01 8.100919723510742188e-01
1.260372877120971680e+00 1.550903081893920898e+00
1.194463968276977539e+00 1.421959161758422852e+00
1.913832426071166992e-01 3.660835623741149902e-01
1.608136296272277832e+00 1.687028408050537109e+00
1.205734968185424805e+00 1.289556264877319336e+00
1.289242625236511230e+00 1.323951840400695801e+00
1.130681037902832031e+00 1.281908154487609863e+00
9.489938616752624512e-01 1.133902072906494141e+00
1.277302861213684082e+00 1.249949216842651367e+00
9.082803726196289062e-01 8.081294298171997070e-01
1.201799988746643066e+00 1.207090377807617188e+00
1.254186868667602539e+00 1.498202443122863770e+00
1.353358507156372070e+00 1.537533760070800781e+00
1.187583565711975098e+00 1.238453865051269531e+00
1.356031060218811035e+00 1.309058070182800293e+00
1.031055569648742676e+00 1.021292328834533691e+00
1.778080701828002930e+00 1.515286684036254883e+00
1.559613943099975586e+00 1.589082360267639160e+00
6.270402073860168457e-01 6.746821403503417969e-01
1.619703650474548340e+00 1.043824076652526855e+00
1.217729210853576660e+00 1.288017749786376953e+00
1.138818264007568359e+00 1.203111410140991211e+00
1.101904869079589844e+00 1.048716545104980469e+00
1.135906338691711426e+00 1.154541492462158203e+00
7.367438673973083496e-01 8.516031503677368164e-01
1.021349668502807617e+00 9.380345344543457031e-01
1.286246180534362793e+00 9.940682053565979004e-01
2.060172080993652344e+00 1.991713285446166992e+00
1.400017976760864258e+00 1.315002679824829102e+00
1.230724334716796875e+00 1.022886276245117188e+00
9.053472280502319336e-01 9.259440898895263672e-01
8.672794699668884277e-01 7.553688883781433105e-01
1.585948586463928223e+00 1.669954895973205566e+00
1.176686525344848633e+00 1.231385588645935059e+00
1.390123844146728516e+00 1.158833265304565430e+00
1.147372364997863770e+00 9.969003200531005859e-01
9.004018306732177734e-01 8.437049388885498047e-01
1.410642743110656738e+00 1.372220516204833984e+00
1.488559842109680176e+00 1.304787397384643555e+00
1.605950593948364258e+00 1.341790318489074707e+00
1.633042216300964355e+00 1.371524214744567871e+00
1.698235034942626953e+00 1.379503488540649414e+00
1.882490992546081543e+00 1.426267147064208984e+00
8.640252351760864258e-01 9.426357746124267578e-01
7.661283612251281738e-01 7.970296740531921387e-01
8.733640313148498535e-01 8.840818405151367188e-01
7.927065491676330566e-01 7.523324489593505859e-01
9.423707723617553711e-01 8.628717064857482910e-01
1.550494074821472168e+00 1.450468778610229492e+00
1.229280710220336914e+00 1.276007890701293945e+00
1.455440640449523926e+00 1.339991092681884766e+00
1.085882067680358887e+00 1.174512147903442383e+00
9.586200714111328125e-01 9.159947037696838379e-01
8.748955130577087402e-01 8.673777580261230469e-01
1.363031983375549316e+00 1.315386056900024414e+00
6.677319854497909546e-02 -3.624778389930725098e-01
8.540875315666198730e-01 8.773177862167358398e-01
1.173007845878601074e+00 1.213437438011169434e+00
3.515188395977020264e-01 3.234871625900268555e-01
6.509926319122314453e-01 5.804395675659179688e-01
3.089757449924945831e-02 -9.481547400355339050e-03
-9.786206483840942383e-02 -8.867260813713073730e-02
3.157768249511718750e-01 2.809416055679321289e-01
1.280267089605331421e-01 9.277881383895874023e-01
7.072451114654541016e-01 6.515312194824218750e-01
1.821863651275634766e+00 2.128487348556518555e+00
1.369609355926513672e+00 1.404040575027465820e+00
1.879633188247680664e+00 2.115865230560302734e+00
1.727293252944946289e+00 1.729501605033874512e+00
8.645454049110412598e-01 7.549222707748413086e-01
6.532928347587585449e-01 7.139075398445129395e-01
9.112842082977294922e-01 9.535443186759948730e-01
8.909729719161987305e-01 8.895827531814575195e-01
8.843943476676940918e-01 8.724682331085205078e-01
1.281194567680358887e+00 1.165341496467590332e+00
1.270352244377136230e+00 1.317678928375244141e+00
7.442225217819213867e-01 8.310977220535278320e-01
1.251901984214782715e+00 1.359958410263061523e+00
1.589908123016357422e+00 1.174903631210327148e+00
1.624824762344360352e+00 1.264467000961303711e+00
3.066713511943817139e-01 4.612211585044860840e-01
1.792339682579040527e+00 1.802510023117065430e+00
1.370472669601440430e+00 8.377690911293029785e-01
1.037481665611267090e+00 9.994207620620727539e-01
9.095052480697631836e-01 8.908257484436035156e-01
1.491686940193176270e+00 1.491408586502075195e+00
1.380641341209411621e+00 1.313342809677124023e+00
1.016844272613525391e+00 1.183791160583496094e+00
7.908872961997985840e-01 7.959029674530029297e-01
9.708077311515808105e-01 7.994065880775451660e-01
1.324405312538146973e+00 1.058352947235107422e+00
9.276697039604187012e-01 9.462735652923583984e-01
6.884757876396179199e-01 8.008201122283935547e-01
5.810317397117614746e-01 6.390075683593750000e-01
4.029704034328460693e-01 5.064275264739990234e-01
1.409593105316162109e+00 1.455849528312683105e+00
3.315833508968353271e-01 3.918795585632324219e-01
4.103077948093414307e-01 5.181817412376403809e-01
1.082260727882385254e+00 1.144699096679687500e+00
1.485841512680053711e+00 1.634814023971557617e+00
2.228465378284454346e-01 3.811310827732086182e-01
8.511278629302978516e-01 9.258586764335632324e-01
8.191111087799072266e-01 8.342857956886291504e-01
2.872930169105529785e-01 4.462521672248840332e-01
1.768462538719177246e+00 2.075864315032958984e+00
2.291674137115478516e+00 2.015055894851684570e+00
1.197510838508605957e+00 1.268117189407348633e+00
1.183784365653991699e+00 1.268105864524841309e+00
1.808489203453063965e+00 2.027298212051391602e+00
2.013340473175048828e+00 1.774055719375610352e+00
1.142240017652511597e-01 2.861029505729675293e-01
1.972147226333618164e+00 1.730795145034790039e+00
1.486120462417602539e+00 1.367485523223876953e+00
1.644946813583374023e+00 1.653436422348022461e+00
1.818997144699096680e+00 1.658137321472167969e+00
1.505553245544433594e+00 1.486395239830017090e+00
1.225856661796569824e+00 1.521320700645446777e+00
1.219736576080322266e+00 1.621002435684204102e+00
1.635089993476867676e+00 1.331312894821166992e+00
1.244519352912902832e+00 1.301515460014343262e+00
1.113502383232116699e+00 1.375182509422302246e+00
1.262722134590148926e+00 1.336302280426025391e+00
1.182274818420410156e+00 1.246465802192687988e+00
1.504525303840637207e+00 1.282028317451477051e+00
1.173295974731445312e+00 1.384061813354492188e+00
1.340340495109558105e+00 1.462272047996520996e+00
8.309715986251831055e-01 9.962867498397827148e-01
1.377628087997436523e+00 1.116186141967773438e+00
8.180930018424987793e-01 7.941809892654418945e-01
2.074172258377075195e+00 2.011259078979492188e+00
1.903358101844787598e+00 1.954307675361633301e+00
2.018507242202758789e+00 1.898911833763122559e+00
6.416919231414794922e-01 7.742288112640380859e-01
9.772458076477050781e-01 1.023827195167541504e+00
2.001684427261352539e+00 2.292830944061279297e+00
1.960510730743408203e+00 2.406537771224975586e+00
-2.357899099588394165e-01 8.973003625869750977e-01
1.434489011764526367e+00 1.317729949951171875e+00
1.649781584739685059e+00 1.703848242759704590e+00
3.656128346920013428e-01 5.939724445343017578e-01
7.795186638832092285e-01 8.454467654228210449e-01
7.069139480590820312e-01 6.901068091392517090e-01
1.372253537178039551e+00 1.670336127281188965e+00
1.655940771102905273e+00 1.698142647743225098e+00
9.360816478729248047e-01 1.193648219108581543e+00
7.099957466125488281e-01 8.028530478477478027e-01
8.768444061279296875e-01 8.090303540229797363e-01
8.830547332763671875e-01 7.625365853309631348e-01
1.370664596557617188e+00 1.409558534622192383e+00
7.308284044265747070e-01 7.651325464248657227e-01
7.005536556243896484e-01 7.525707483291625977e-01
7.452755570411682129e-01 8.098049759864807129e-01
1.101752996444702148e+00 9.827581048011779785e-01
4.467130899429321289e-01 5.139757990837097168e-01
6.022843718528747559e-01 7.683475017547607422e-01
6.968719959259033203e-01 8.141457438468933105e-01
6.319928169250488281e-01 8.050819039344787598e-01
5.380187034606933594e-01 5.488340258598327637e-01
7.132317423820495605e-01 7.209170460700988770e-01
6.196701526641845703e-01 6.142150163650512695e-01
6.987040042877197266e-01 7.067059874534606934e-01
7.208446860313415527e-01 7.523629665374755859e-01
6.554301381111145020e-01 7.657280564308166504e-01
7.259761691093444824e-01 5.891101956367492676e-01
1.097223997116088867e+00 1.135014533996582031e+00
4.139479994773864746e-01 5.123968124389648438e-01
1.430290222167968750e+00 1.391715168952941895e+00
1.000336289405822754e+00 1.169946312904357910e+00
6.430715322494506836e-01 7.472842931747436523e-01
5.930917263031005859e-01 6.688524484634399414e-01
5.980771183967590332e-01 7.217530608177185059e-01
1.015605449676513672e+00 9.073931574821472168e-01
7.220426201820373535e-01 7.408546209335327148e-01
6.592455506324768066e-01 6.880672574043273926e-01
7.740207314491271973e-01 7.775634527206420898e-01
3.743490576744079590e-01 4.567560851573944092e-01
1.000223636627197266e+00 1.108434796333312988e+00
4.924533963203430176e-01 6.317072510719299316e-01
5.922304391860961914e-01 5.924811363220214844e-01
7.198249101638793945e-01 7.367113232612609863e-01
4.778932631015777588e-01 5.288643240928649902e-01
1.263823151588439941e+00 1.269476294517517090e+00
6.649661064147949219e-01 8.707695603370666504e-01
6.693115830421447754e-01 6.208699941635131836e-01
8.683409690856933594e-01 8.521942496299743652e-01
1.039447784423828125e+00 7.509638071060180664e-01
6.435567140579223633e-01 6.625123023986816406e-01
9.402262568473815918e-01 7.509638071060180664e-01
4.821835458278656006e-01 6.319106221199035645e-01
7.987274527549743652e-01 6.720451116561889648e-01
5.843988656997680664e-01 6.663902997970581055e-01
7.139981389045715332e-01 6.319106221199035645e-01
9.133766293525695801e-01 7.515810132026672363e-01
7.875755429267883301e-01 7.287324070930480957e-01
6.448947191238403320e-01 6.309115886688232422e-01
7.992244958877563477e-01 8.561796545982360840e-01
6.645746231079101562e-01 8.166118264198303223e-01
7.089523077011108398e-01 5.238230228424072266e-01
8.785162568092346191e-01 9.190416932106018066e-01
5.741264820098876953e-01 7.390039563179016113e-01
8.197730183601379395e-01 7.393962740898132324e-01
1.644240975379943848e+00 1.007403254508972168e+00
6.427347660064697266e-01 7.791972756385803223e-01
3.904939591884613037e-01 3.898207247257232666e-01
6.657302975654602051e-01 6.649634242057800293e-01
7.495355010032653809e-01 7.787343859672546387e-01
6.661875844001770020e-01 8.079233765602111816e-01
6.473217010498046875e-01 5.740686058998107910e-01
7.154690623283386230e-01 7.807492613792419434e-01
6.772253513336181641e-01 6.422693729400634766e-01
9.021456837654113770e-01 8.693280816078186035e-01
9.652252197265625000e-01 8.186247944831848145e-01
1.097838401794433594e+00 1.170713543891906738e+00
9.295186996459960938e-01 7.548947334289550781e-01
7.564484477043151855e-01 7.945467829704284668e-01
4.524451792240142822e-01 5.085596442222595215e-01
8.929490447044372559e-01 8.525033593177795410e-01
8.858755826950073242e-01 7.737507224082946777e-01
8.426498770713806152e-01 6.874791979789733887e-01
1.135407090187072754e+00 1.331047654151916504e+00
8.903583884239196777e-01 1.039293169975280762e+00
9.224927425384521484e-01 9.941043853759765625e-01
9.321580529212951660e-01 9.256492257118225098e-01
9.419761896133422852e-01 7.572590708732604980e-01
1.090988039970397949e+00 1.240790724754333496e+00
1.061716794967651367e+00 1.130104899406433105e+00
1.247469425201416016e+00 1.134513378143310547e+00
9.136852025985717773e-01 1.013584494590759277e+00
1.472681164741516113e+00 1.425080060958862305e+00
7.752766609191894531e-01 8.093677759170532227e-01
8.533685803413391113e-01 8.181594014167785645e-01
5.837094783782958984e-01 8.251959681510925293e-01
1.078245043754577637e+00 1.140628814697265625e+00
1.412908911705017090e+00 1.378093600273132324e+00
7.807043790817260742e-01 8.093494176864624023e-01
7.686496376991271973e-01 6.958589553833007812e-01
5.904670357704162598e-01 7.868134379386901855e-01
-8.891904354095458984e-02 -2.226294875144958496e-01
6.336014270782470703e-01 3.874477148056030273e-01
9.451479911804199219e-01 9.970449805259704590e-01
2.037771940231323242e+00 1.986519336700439453e+00
2.144250869750976562e+00 2.006590127944946289e+00
1.267132997512817383e+00 1.186300873756408691e+00
9.820514917373657227e-01 1.228616952896118164e+00
1.512563228607177734e+00 1.392983078956604004e+00
1.252436876296997070e+00 1.254774332046508789e+00
5.959548950195312500e-01 5.315036773681640625e-01
1.156908631324768066e+00 1.353951811790466309e+00
1.571512341499328613e+00 1.488814115524291992e+00
1.897592306137084961e+00 1.445142388343811035e+00
1.184200406074523926e+00 1.116573452949523926e+00
6.332245469093322754e-01 7.849057316780090332e-01
-2.601476311683654785e-01 1.067936301231384277e+00
1.945190310478210449e+00 1.899578809738159180e+00
1.618783354759216309e+00 1.676995635032653809e+00
1.557661220431327820e-02 3.368513882160186768e-01
1.029217004776000977e+00 1.007942676544189453e+00
1.274975895881652832e+00 1.219027638435363770e+00
1.138908624649047852e+00 1.173108339309692383e+00
1.255457162857055664e+00 1.493724226951599121e+00
8.964356184005737305e-01 9.768144488334655762e-01
1.235325932502746582e+00 1.268479108810424805e+00
9.792625904083251953e-01 1.263096928596496582e+00
1.313420057296752930e+00 1.189448237419128418e+00
1.477693438529968262e+00 1.310346484184265137e+00
1.167916774749755859e+00 1.236390948295593262e+00
1.339150786399841309e+00 1.287238240242004395e+00
1.329218506813049316e+00 1.365362048149108887e+00
5.012443065643310547e-01 5.234783291816711426e-01
1.723338842391967773e+00 1.214999318122863770e+00
1.184342026710510254e+00 1.286184430122375488e+00
1.906993269920349121e+00 1.491613626480102539e+00
5.670437216758728027e-01 7.302867770195007324e-01
1.276402831077575684e+00 1.486325383186340332e+00
7.466583251953125000e-01 6.877428293228149414e-01
6.878628134727478027e-01 5.246537923812866211e-01
8.830149769783020020e-01 8.485425710678100586e-01
4.367563128471374512e-01 5.268006920814514160e-01
6.717175245285034180e-01 5.220814347267150879e-01
1.620956778526306152e+00 1.542580366134643555e+00
1.454688787460327148e+00 1.550114631652832031e+00
1.253694772720336914e+00 1.141652226448059082e+00
6.788240075111389160e-01 1.046560168266296387e+00
1.394626021385192871e+00 1.350939869880676270e+00
2.088773250579833984e+00 1.897601842880249023e+00
5.427165031433105469e-01 7.396356463432312012e-01
8.907380104064941406e-01 8.151165843009948730e-01
1.318933486938476562e+00 1.337153077125549316e+00
8.193706870079040527e-01 1.105748414993286133e+00
2.720268964767456055e-01 3.279764652252197266e-01
-4.216879978775978088e-02 -9.947985410690307617e-02
8.587279915809631348e-01 7.381283640861511230e-01
1.190176248550415039e+00 1.207637190818786621e+00
1.963587760925292969e+00 1.842123508453369141e+00
1.501930952072143555e+00 1.311793446540832520e+00
9.104772806167602539e-01 8.201804757118225098e-01
8.337278366088867188e-01 8.662212491035461426e-01
1.679575920104980469e+00 1.704052567481994629e+00
9.407120943069458008e-01 9.293797612190246582e-01
9.420601725578308105e-01 8.493199944496154785e-01
1.466849684715270996e+00 1.329742193222045898e+00
1.476122856140136719e+00 1.398665904998779297e+00
1.014699339866638184e+00 1.033347725868225098e+00
1.303854465484619141e+00 1.221612811088562012e+00
9.081612825393676758e-01 7.524663209915161133e-01
1.754306912422180176e+00 1.724114775657653809e+00
1.727026343345642090e+00 1.791051387786865234e+00
1.252567291259765625e+00 1.295613169670104980e+00
9.010468721389770508e-01 1.086121559143066406e+00
1.538432836532592773e+00 1.472640037536621094e+00
1.042949795722961426e+00 1.025698184967041016e+00
1.064107179641723633e+00 1.048650503158569336e+00
1.596524119377136230e+00 1.506585478782653809e+00
2.073718547821044922e+00 1.816686034202575684e+00
6.259898543357849121e-01 6.261075735092163086e-01
5.525829195976257324e-01 5.630169510841369629e-01
4.090476334095001221e-01 4.449378848075866699e-01
9.554967284202575684e-01 1.034589171409606934e+00
8.891108632087707520e-01 8.592054247856140137e-01
1.307761311531066895e+00 1.180239200592041016e+00
1.345739483833312988e+00 1.319209456443786621e+00
1.004115462303161621e+00 1.012644171714782715e+00
9.581408500671386719e-01 1.064705610275268555e+00
8.289111256599426270e-01 9.060758948326110840e-01
8.409909605979919434e-01 8.230499625205993652e-01
1.172113060951232910e+00 1.207308292388916016e+00
5.528028011322021484e-01 5.070509910583496094e-01
7.598959803581237793e-01 7.789087891578674316e-01
8.734999895095825195e-01 8.169581294059753418e-01
1.018761992454528809e+00 9.350064992904663086e-01
8.445594310760498047e-01 7.602011561393737793e-01
2.081959247589111328e+00 1.822056651115417480e+00
2.052015542984008789e+00 1.866396069526672363e+00
1.166950106620788574e+00 1.198862314224243164e+00
1.592306971549987793e+00 1.830883860588073730e+00
1.546516656875610352e+00 1.654097318649291992e+00
2.095326423645019531e+00 1.823362946510314941e+00
1.742219448089599609e+00 1.579639196395874023e+00
1.704521775245666504e+00 1.644250392913818359e+00
7.707197070121765137e-01 9.180964827537536621e-01
1.605818748474121094e+00 1.763088107109069824e+00
6.137402653694152832e-01 5.696136355400085449e-01
1.641230344772338867e+00 1.729372859001159668e+00
1.847012400627136230e+00 1.369983553886413574e+00
1.182274818420410156e+00 1.208991050720214844e+00
1.162460684776306152e+00 1.230130314826965332e+00
1.248849987983703613e+00 1.256024360656738281e+00
1.180101513862609863e+00 1.341286301612854004e+00
8.518546819686889648e-01 7.816811203956604004e-01
1.195565104484558105e+00 1.226454019546508789e+00
1.227058053016662598e+00 1.282947897911071777e+00
1.202816963195800781e+00 1.206939578056335449e+00
1.206083774566650391e+00 1.204639554023742676e+00
1.789767503738403320e+00 1.730476021766662598e+00
1.638988852500915527e+00 1.484181404113769531e+00
1.296809434890747070e+00 1.107701182365417480e+00
1.455272793769836426e+00 1.192812085151672363e+00
1.212027907371520996e+00 1.429300904273986816e+00
1.252181410789489746e+00 1.479893326759338379e+00
1.321650624275207520e+00 1.487162232398986816e+00
1.667457699775695801e+00 1.613832116127014160e+00
1.706174612045288086e+00 1.655915737152099609e+00
2.014435291290283203e+00 1.762146353721618652e+00
2.023267507553100586e+00 1.896176815032958984e+00
2.066969871520996094e+00 1.822087645530700684e+00
1.797530531883239746e+00 1.896176815032958984e+00
1.463474035263061523e+00 1.403429150581359863e+00
6.026812791824340820e-01 6.082046627998352051e-01
9.424868226051330566e-01 1.125773072242736816e+00
1.153357386589050293e+00 1.116461038589477539e+00
2.048319101333618164e+00 1.990943312644958496e+00
1.033000230789184570e+00 1.175328135490417480e+00
1.003893494606018066e+00 1.104598402976989746e+00
2.201304435729980469e+00 1.899645805358886719e+00
1.086789846420288086e+00 1.099253773689270020e+00
8.802843093872070312e-01 9.021278023719787598e-01
-1.052714943885803223e+00 -2.685755491256713867e-01
2.170299768447875977e+00 1.933527827262878418e+00
7.809131145477294922e-01 7.199853658676147461e-01
6.327597498893737793e-01 5.353324413299560547e-01
1.533634424209594727e+00 1.411700963973999023e+00
6.888687014579772949e-01 7.189495563507080078e-01
8.642560243606567383e-01 7.820649147033691406e-01
8.277641534805297852e-01 6.595020294189453125e-01
6.351494789123535156e-01 6.925132274627685547e-01
1.160497069358825684e+00 1.126760005950927734e+00
9.497783780097961426e-01 9.021290540695190430e-01
9.074224829673767090e-01 8.190151453018188477e-01
8.245831727981567383e-01 9.009772539138793945e-01
1.102617144584655762e+00 1.013908386230468750e+00
9.146386981010437012e-01 7.539930343627929688e-01
9.871933460235595703e-01 9.368174076080322266e-01
5.852009654045104980e-01 5.624245405197143555e-01
7.196839451789855957e-01 7.400883436203002930e-01
7.964101433753967285e-01 7.310938835144042969e-01
7.249160408973693848e-01 7.244125604629516602e-01
9.893068671226501465e-01 9.541270732879638672e-01
9.138276576995849609e-01 9.224671125411987305e-01
9.849290847778320312e-01 1.016281604766845703e+00
8.992476463317871094e-01 9.099035263061523438e-01
1.083469510078430176e+00 1.047184705734252930e+00
6.206138134002685547e-01 8.042924404144287109e-01
8.667425513267517090e-01 7.896933555603027344e-01
4.731637835502624512e-01 4.467429220676422119e-01
7.526913881301879883e-01 7.067527770996093750e-01
7.585985660552978516e-01 7.002425193786621094e-01
6.049636006355285645e-01 7.067527770996093750e-01
8.213994503021240234e-01 7.264645099639892578e-01
6.872553229331970215e-01 6.446971893310546875e-01
5.963519215583801270e-01 6.422622203826904297e-01
6.362126469612121582e-01 6.729677915573120117e-01
4.277413189411163330e-01 4.733403623104095459e-01
8.299616575241088867e-01 7.813336849212646484e-01
1.300116658210754395e+00 1.167519569396972656e+00
1.009673714637756348e+00 9.772355556488037109e-01
7.687450051307678223e-01 7.924656867980957031e-01
6.502509713172912598e-01 6.255456209182739258e-01
9.701001048088073730e-01 8.421614170074462891e-01
5.774048566818237305e-01 6.445213556289672852e-01
1.338904857635498047e+00 9.492654800415039062e-01
7.693610787391662598e-01 9.038455486297607422e-01
6.468384265899658203e-01 6.897499561309814453e-01
6.886851787567138672e-01 6.443794965744018555e-01
1.222697019577026367e+00 1.110984444618225098e+00
9.047699570655822754e-01 7.710132598876953125e-01
6.766669750213623047e-01 6.970787048339843750e-01
1.209813594818115234e+00 1.122274756431579590e+00
9.021891951560974121e-01 9.200814962387084961e-01
8.051270246505737305e-01 7.540385723114013672e-01
1.033249855041503906e+00 9.295918941497802734e-01
8.780210018157958984e-01 8.253691196441650391e-01
9.179000854492187500e-01 7.012645006179809570e-01
7.188681364059448242e-01 6.561113595962524414e-01
3.465397059917449951e-01 5.980786085128784180e-01
1.017224073410034180e+00 1.004934072494506836e+00
1.378099083900451660e+00 1.055081486701965332e+00
7.830446958541870117e-01 7.791229486465454102e-01
9.077255129814147949e-01 8.460305929183959961e-01
9.490092396736145020e-01 8.633445501327514648e-01
6.664326190948486328e-01 6.328858137130737305e-01
6.791671514511108398e-01 6.430290937423706055e-01
9.092104434967041016e-01 8.970063924789428711e-01
9.021980762481689453e-01 7.925066947937011719e-01
1.039739608764648438e+00 6.499624252319335938e-01
8.659467697143554688e-01 7.775145769119262695e-01
7.206503748893737793e-01 7.794259786605834961e-01
8.045899868011474609e-01 7.977553606033325195e-01
7.773436307907104492e-01 6.981399059295654297e-01
6.570297479629516602e-01 6.258207559585571289e-01
8.509489297866821289e-01 1.548211574554443359e+00
5.645284652709960938e-01 6.640138626098632812e-01
8.805564641952514648e-01 8.812408447265625000e-01
7.419458627700805664e-01 7.520650625228881836e-01
8.853989839553833008e-01 7.377359867095947266e-01
1.355356693267822266e+00 1.409672021865844727e+00
6.561883687973022461e-01 6.491771936416625977e-01
1.162685275077819824e+00 1.224202394485473633e+00
1.087497949600219727e+00 9.285464286804199219e-01
1.125815629959106445e+00 1.171089529991149902e+00
8.908362388610839844e-01 6.664423942565917969e-01
1.505946159362792969e+00 1.499371528625488281e+00
1.183301687240600586e+00 1.375472307205200195e+00
1.197983622550964355e+00 1.264112472534179688e+00
1.172055363655090332e+00 1.267307043075561523e+00
7.733454704284667969e-01 7.686616182327270508e-01
6.892957687377929688e-01 7.008364200592041016e-01
1.372103929519653320e+00 1.398493766784667969e+00
1.481643080711364746e+00 1.770725846290588379e+00
7.418364882469177246e-01 9.175803661346435547e-01
1.403777360916137695e+00 1.488920807838439941e+00
3.187949657440185547e-01 2.727655172348022461e-01
1.613114029169082642e-01 1.164446473121643066e-01
8.449695110321044922e-01 4.638814330101013184e-01
1.936768770217895508e+00 2.118148803710937500e+00
1.209315299987792969e+00 1.285053014755249023e+00
1.140360236167907715e+00 1.203756093978881836e+00
1.389019966125488281e+00 1.336807489395141602e+00
1.372468233108520508e+00 1.312147617340087891e+00
1.252471208572387695e+00 1.202528834342956543e+00
1.877990484237670898e+00 1.773588061332702637e+00
1.175440788269042969e+00 1.253341555595397949e+00
1.955825328826904297e+00 1.392503261566162109e+00
6.401622295379638672e-01 8.042498826980590820e-01
1.565987706184387207e+00 1.627047896385192871e+00
1.113594889640808105e+00 1.063407897949218750e+00
1.312964320182800293e+00 1.397999525070190430e+00
1.966460227966308594e+00 2.074755191802978516e+00
9.465048313140869141e-01 1.390932202339172363e+00
6.764340400695800781e-01 7.547482252120971680e-01
1.047086238861083984e+00 1.082861661911010742e+00
6.769358515739440918e-01 6.945878267288208008e-01
8.522785305976867676e-01 8.656511306762695312e-01
1.307761311531066895e+00 1.122553944587707520e+00
1.093318462371826172e+00 1.159229040145874023e+00
1.660743832588195801e+00 1.358769059181213379e+00
8.965455889701843262e-01 5.980160236358642578e-01
1.618920087814331055e+00 1.302901983261108398e+00
1.128339648246765137e+00 1.169100284576416016e+00
7.772899270057678223e-01 7.259711027145385742e-01
8.802470564842224121e-01 8.246117830276489258e-01
1.850187897682189941e+00 1.573038458824157715e+00
1.486399888992309570e+00 1.766501188278198242e+00
1.389946579933166504e+00 1.501099824905395508e+00
7.285755276679992676e-01 8.865495920181274414e-01
1.461451053619384766e+00 1.511487364768981934e+00
1.038968324661254883e+00 9.012796878814697266e-01
1.175337076187133789e+00 1.143743753433227539e+00
8.920167684555053711e-01 9.892092943191528320e-01
8.889564275741577148e-01 8.482016324996948242e-01
8.163188099861145020e-01 8.336437940597534180e-01
8.413783311843872070e-01 7.954379320144653320e-01
6.298193335533142090e-01 6.778017282485961914e-01
6.789212822914123535e-01 6.360160112380981445e-01
6.711486577987670898e-01 5.793210268020629883e-01
9.350804090499877930e-01 8.747448921203613281e-01
1.868592143058776855e+00 1.936211109161376953e+00
1.831071734428405762e+00 1.971052646636962891e+00
9.120084643363952637e-01 9.263244867324829102e-01
7.421923875808715820e-01 6.608622074127197266e-01
1.191276073455810547e+00 1.317068219184875488e+00
1.330796360969543457e+00 1.297365903854370117e+00
7.859181165695190430e-01 7.807625532150268555e-01
7.307596802711486816e-01 6.775233745574951172e-01
-8.763616532087326050e-02 -1.342248618602752686e-01
-1.628329157829284668e-01 -1.340404301881790161e-01
6.570042967796325684e-01 6.189384460449218750e-01
5.690116882324218750e-01 6.074340343475341797e-01
-1.920251548290252686e-01 -1.815154254436492920e-01
5.667547583580017090e-01 7.129684686660766602e-01
1.967292308807373047e+00 1.913939476013183594e+00
1.174621820449829102e+00 1.559232234954833984e+00
1.678566455841064453e+00 1.701324224472045898e+00
7.034425735473632812e-01 6.509083509445190430e-01
1.461529016494750977e+00 1.453700542449951172e+00
1.209077954292297363e+00 1.255520462989807129e+00
1.233037114143371582e+00 1.263848781585693359e+00
4.340449869632720947e-01 3.811807632446289062e-01
1.519419193267822266e+00 1.582802534103393555e+00
1.655820965766906738e+00 1.700272798538208008e+00
9.779998660087585449e-01 1.536637067794799805e+00
8.200806379318237305e-01 8.062696456909179688e-01
9.364033341407775879e-01 9.498114585876464844e-01
7.403101921081542969e-01 8.258308172225952148e-01
9.790425896644592285e-01 8.577351570129394531e-01
1.026820898056030273e+00 1.256465792655944824e+00
6.379036903381347656e-01 7.089073657989501953e-01
9.791350960731506348e-01 9.529300928115844727e-01
1.009465932846069336e+00 1.383798718452453613e+00
9.890558719635009766e-01 1.201088786125183105e+00
1.050073742866516113e+00 9.684937000274658203e-01
9.948338866233825684e-01 1.257398128509521484e+00
5.907925963401794434e-01 7.756183147430419922e-01
9.516016840934753418e-01 9.462065696716308594e-01
9.594863057136535645e-01 1.010032892227172852e+00
1.035476803779602051e+00 9.752352237701416016e-01
1.722227811813354492e+00 1.741480588912963867e+00
1.291925430297851562e+00 1.327284812927246094e+00
6.198656558990478516e-01 6.191694736480712891e-01
1.076250076293945312e+00 8.153545856475830078e-01
9.095953106880187988e-01 9.183924198150634766e-01
1.168721556663513184e+00 7.812644243240356445e-01
9.688693284988403320e-01 1.017548203468322754e+00
1.795172572135925293e+00 1.996718525886535645e+00
1.454377532005310059e+00 1.394072532653808594e+00
1.629700541496276855e+00 1.422123670578002930e+00
5.732347369194030762e-01 4.712347090244293213e-01
1.418334007263183594e+00 1.275430798530578613e+00
1.373132586479187012e+00 1.269451379776000977e+00
4.398169219493865967e-01 4.613352119922637939e-01
6.075160503387451172e-01 7.845071554183959961e-01
7.432836890220642090e-01 8.365744352340698242e-01
7.366297245025634766e-01 8.418064117431640625e-01
1.355354666709899902e+00 1.238854050636291504e+00
8.181384205818176270e-01 7.967498302459716797e-01
1.384286880493164062e+00 1.390450716018676758e+00
7.760112285614013672e-01 9.078359603881835938e-01
1.243031144142150879e+00 1.222818970680236816e+00
1.761103868484497070e+00 2.137185335159301758e+00
2.407033294439315796e-01 3.037717938423156738e-01
9.224864840507507324e-01 7.855075597763061523e-01
1.165131211280822754e+00 1.175209999084472656e+00
1.586476683616638184e+00 1.721798777580261230e+00
1.814133524894714355e+00 1.667224884033203125e+00
1.661147713661193848e+00 1.802060723304748535e+00
1.789747357368469238e+00 1.631195664405822754e+00
1.491295814514160156e+00 1.545309424400329590e+00
1.513875007629394531e+00 1.500702619552612305e+00
1.634757518768310547e+00 1.654465913772583008e+00
7.840692400932312012e-01 7.681871652603149414e-01
1.064278006553649902e+00 1.029129862785339355e+00
1.642344117164611816e+00 1.691710233688354492e+00
6.183502674102783203e-01 3.836654722690582275e-01
1.219369649887084961e+00 1.103479385375976562e+00
3.168019950389862061e-01 3.382805883884429932e-01
1.246901512145996094e+00 1.247054576873779297e+00
1.152827024459838867e+00 1.359870910644531250e+00
1.187076210975646973e+00 1.223255395889282227e+00
1.060645580291748047e+00 1.132667183876037598e+00
1.606735587120056152e+00 1.556169390678405762e+00
1.483068585395812988e+00 1.373506903648376465e+00
1.466783523559570312e+00 1.508569240570068359e+00
1.821599483489990234e+00 1.614916086196899414e+00
1.942528605461120605e+00 2.070995330810546875e+00
1.125446081161499023e+00 1.020855665206909180e+00
1.599773049354553223e+00 1.542164802551269531e+00
1.078305482864379883e+00 1.084293723106384277e+00
2.043884038925170898e+00 2.084108829498291016e+00
1.344865083694458008e+00 1.296412229537963867e+00
1.984439730644226074e+00 1.962849617004394531e+00
1.070225119590759277e+00 1.222272157669067383e+00
2.020907640457153320e+00 2.186302185058593750e+00
1.868874907493591309e+00 2.033930301666259766e+00
1.277298927307128906e+00 1.170810222625732422e+00
1.746502399444580078e+00 2.183484077453613281e+00
1.222994804382324219e+00 1.263968467712402344e+00
1.511314868927001953e+00 9.986575841903686523e-01
9.156129956245422363e-01 -2.107519507408142090e-01
1.644703149795532227e+00 1.592273473739624023e+00
1.476338982582092285e+00 1.426521778106689453e+00
1.027126789093017578e+00 1.035299062728881836e+00
6.653593182563781738e-01 6.093245148658752441e-01
6.707879304885864258e-01 5.440177321434020996e-01
3.621014654636383057e-01 5.686969161033630371e-01
7.746405005455017090e-01 6.597327589988708496e-01
1.018577337265014648e+00 1.061939001083374023e+00
1.431636333465576172e+00 1.714282989501953125e+00
1.277685880661010742e+00 1.282255411148071289e+00
6.504586338996887207e-01 6.195759177207946777e-01
8.277641534805297852e-01 6.612599492073059082e-01
3.573955297470092773e-01 5.370044708251953125e-01
7.268149852752685547e-01 5.284110307693481445e-01
1.204435229301452637e+00 1.090099096298217773e+00
8.225156664848327637e-01 7.179414629936218262e-01
7.495428919792175293e-01 8.035324215888977051e-01
7.030869126319885254e-01 6.441664099693298340e-01
9.400433897972106934e-01 6.773068308830261230e-01
9.145174622535705566e-01 8.666849732398986816e-01
5.549275875091552734e-01 6.675406098365783691e-01
9.646227359771728516e-01 7.127820849418640137e-01
7.458198070526123047e-01 7.437443137168884277e-01
7.869523763656616211e-01 7.333115935325622559e-01
7.558223009109497070e-01 7.121927142143249512e-01
6.373680233955383301e-01 7.497949600219726562e-01
9.601424932479858398e-01 1.045206069946289062e+00
8.876585960388183594e-01 7.772108316421508789e-01
9.399629831314086914e-01 8.681032061576843262e-01
1.006310582160949707e+00 9.195237755775451660e-01
5.903165340423583984e-01 7.302878499031066895e-01
9.155218601226806641e-01 7.386252880096435547e-01
5.420431494712829590e-01 5.963398814201354980e-01
7.931278944015502930e-01 7.145897150039672852e-01
7.628200054168701172e-01 6.823728680610656738e-01
1.281714677810668945e+00 1.017432212829589844e+00
6.109604835510253906e-01 6.457895636558532715e-01
5.518418550491333008e-01 6.332621574401855469e-01
5.676043033599853516e-01 5.855847001075744629e-01
9.325782060623168945e-01 8.916113972663879395e-01
1.378179192543029785e+00 7.499591112136840820e-01
9.168949127197265625e-01 7.094944715499877930e-01
1.554665923118591309e+00 1.431815147399902344e+00
4.490444362163543701e-01 4.638777375221252441e-01
1.035163402557373047e+00 1.023612737655639648e+00
4.523360729217529297e-01 4.833492040634155273e-01
6.561545133590698242e-01 6.008167862892150879e-01
1.053555488586425781e+00 9.764600396156311035e-01
1.219759941101074219e+00 1.177495002746582031e+00
1.100451946258544922e+00 1.013853549957275391e+00
7.603937983512878418e-01 7.280378341674804688e-01
1.414956688880920410e+00 1.481811285018920898e+00
5.697123408317565918e-01 5.606232285499572754e-01
8.402552604675292969e-01 9.756916165351867676e-01
9.854318499565124512e-01 1.064403772354125977e+00
9.761404991149902344e-01 1.047541856765747070e+00
8.447329401969909668e-01 7.095349431037902832e-01
7.565898299217224121e-01 8.219327926635742188e-01
7.458059191703796387e-01 5.754296779632568359e-01
3.972717821598052979e-01 5.358868241310119629e-01
6.607182621955871582e-01 6.484871506690979004e-01
1.000742316246032715e+00 1.548610448837280273e+00
9.990109801292419434e-01 1.443936109542846680e+00
1.041362762451171875e+00 8.190281987190246582e-01
9.554467797279357910e-01 1.195931196212768555e+00
6.360226869583129883e-01 6.099663376808166504e-01
9.457902908325195312e-01 9.440240263938903809e-01
1.073139071464538574e+00 1.080720663070678711e+00
5.373222231864929199e-01 6.027621626853942871e-01
4.572524726390838623e-01 4.860403835773468018e-01
9.357906579971313477e-01 8.984884619712829590e-01
7.861118316650390625e-01 6.753450036048889160e-01
7.201337814331054688e-01 6.501973867416381836e-01
1.070026159286499023e+00 1.100319862365722656e+00
8.054631948471069336e-01 7.480884194374084473e-01
6.654945015907287598e-01 7.677033543586730957e-01
7.076933979988098145e-01 8.054087758064270020e-01
6.246434450149536133e-01 6.284996867179870605e-01
8.957177996635437012e-01 1.017768621444702148e+00
7.020462155342102051e-01 9.793770909309387207e-01
7.451283931732177734e-01 7.953571677207946777e-01
6.852309703826904297e-01 6.739854216575622559e-01
7.419458627700805664e-01 7.724498510360717773e-01
7.882392406463623047e-01 7.359801530838012695e-01
8.829705119132995605e-01 9.857080578804016113e-01
9.116491079330444336e-01 6.955633163452148438e-01
1.034228324890136719e+00 8.053292632102966309e-01
7.919749617576599121e-01 9.044488668441772461e-01
1.056959867477416992e+00 1.092403411865234375e+00
1.221435904502868652e+00 1.259243726730346680e+00
9.141068458557128906e-01 1.086273431777954102e+00
9.541050195693969727e-01 8.869763016700744629e-01
9.748822450637817383e-01 7.717052698135375977e-01
7.721437215805053711e-01 5.949544310569763184e-01
1.024282097816467285e+00 9.693741202354431152e-01
1.028060913085937500e+00 9.232054352760314941e-01
9.510043859481811523e-01 1.072444200515747070e+00
1.001987457275390625e+00 9.145598411560058594e-01
1.512600183486938477e+00 1.584200620651245117e+00
1.004543066024780273e+00 9.332606196403503418e-01
1.949874877929687500e+00 1.988231420516967773e+00
1.085443496704101562e+00 1.098417520523071289e+00
1.914146542549133301e+00 1.954759597778320312e+00
1.969731569290161133e+00 2.051015138626098633e+00
1.744553089141845703e+00 1.603598594665527344e+00
1.120502710342407227e+00 1.135621309280395508e+00
1.440558433532714844e+00 1.329652309417724609e+00
7.899267673492431641e-01 8.228194117546081543e-01
1.547045826911926270e+00 1.371655464172363281e+00
1.510946512222290039e+00 1.399524688720703125e+00
1.448244810104370117e+00 1.336705684661865234e+00
6.498067378997802734e-01 6.080215573310852051e-01
9.127423167228698730e-01 1.034232854843139648e+00
1.706013679504394531e+00 1.355308055877685547e+00
8.042543530464172363e-01 1.000577211380004883e+00
8.103162646293640137e-01 9.606984853744506836e-01
6.178858876228332520e-01 8.490702509880065918e-01
1.119937062263488770e+00 1.004979372024536133e+00
1.868314146995544434e+00 1.930093765258789062e+00
1.585579156875610352e+00 1.551358222961425781e+00
2.070670127868652344e+00 1.883515596389770508e+00
1.039720058441162109e+00 1.071984767913818359e+00
5.652861595153808594e-01 5.799652934074401855e-01
8.195875883102416992e-01 7.315591573715209961e-01
1.192056298255920410e+00 1.212867259979248047e+00
1.010698556900024414e+00 9.417720437049865723e-01
1.945167183876037598e+00 1.383291244506835938e+00
1.170593976974487305e+00 1.388324975967407227e+00
1.470312952995300293e+00 1.460412025451660156e+00
1.497248172760009766e+00 1.669962406158447266e+00
1.080911278724670410e+00 1.150068759918212891e+00
1.243743896484375000e+00 1.292189836502075195e+00
1.229987263679504395e+00 1.300889253616333008e+00
1.204692006111145020e+00 1.391988039016723633e+00
1.543763160705566406e+00 1.655116796493530273e+00
1.532143115997314453e+00 1.487711906433105469e+00
1.307491540908813477e+00 1.455281496047973633e+00
5.164275765419006348e-01 5.001279711723327637e-01
1.303155183792114258e+00 1.183695793151855469e+00
1.153090476989746094e+00 1.637019872665405273e+00
6.337621212005615234e-01 7.944970130920410156e-01
8.631467223167419434e-01 9.206560254096984863e-01
8.424251079559326172e-01 6.837846636772155762e-01
7.874865531921386719e-01 8.703948259353637695e-01
2.674019038677215576e-01 2.498104274272918701e-01
1.323583245277404785e+00 1.287659645080566406e+00
1.854325056076049805e+00 1.701300859451293945e+00
8.238981366157531738e-01 9.895482659339904785e-01
1.060819625854492188e+00 1.051322698593139648e+00
1.267462491989135742e+00 1.301346302032470703e+00
1.120364427566528320e+00 1.202902317047119141e+00
-3.430892825126647949e-01 -9.375395774841308594e-01
1.491655588150024414e+00 1.177373409271240234e+00
-1.528335511684417725e-01 -1.742028295993804932e-01
1.155182242393493652e+00 1.201639652252197266e+00
2.153886318206787109e+00 1.956521987915039062e+00
1.574996709823608398e+00 1.495975494384765625e+00
1.055150389671325684e+00 9.946177005767822266e-01
1.202844858169555664e+00 1.376391410827636719e+00
7.475182414054870605e-01 6.780741214752197266e-01
7.203145623207092285e-01 6.535336971282958984e-01
8.338208794593811035e-01 6.669713854789733887e-01
8.240092992782592773e-01 8.968565464019775391e-01
9.492081999778747559e-01 8.919770121574401855e-01
6.499443054199218750e-01 7.635849714279174805e-01
1.021563529968261719e+00 1.003018379211425781e+00
1.140909433364868164e+00 1.150772333145141602e+00
1.443601250648498535e+00 1.340975046157836914e+00
9.593371748924255371e-01 1.068759918212890625e+00
1.014585018157958984e+00 9.532279968261718750e-01
1.575971007347106934e+00 1.515633821487426758e+00
1.534933090209960938e+00 1.479232311248779297e+00
1.167803645133972168e+00 1.206858158111572266e+00
1.446153402328491211e+00 1.405560016632080078e+00
8.837654590606689453e-01 9.739241003990173340e-01
6.950390338897705078e-01 6.440421938896179199e-01
7.517303824424743652e-01 8.374618887901306152e-01
9.963346123695373535e-01 9.219844341278076172e-01
1.089179158210754395e+00 9.373807907104492188e-01
8.385215401649475098e-01 8.536466956138610840e-01
8.199940919876098633e-01 7.714992165565490723e-01
1.540287017822265625e+00 1.493159532546997070e+00
1.545392274856567383e+00 1.441134691238403320e+00
5.004630684852600098e-01 4.954079091548919678e-01
2.964578270912170410e-01 3.420546352863311768e-01
7.717280387878417969e-01 6.724036335945129395e-01
1.374273777008056641e+00 1.490943193435668945e+00
1.446237444877624512e+00 1.415441751480102539e+00
8.607525229454040527e-01 7.789083719253540039e-01
9.615278840065002441e-01 9.816462397575378418e-01
1.133951306343078613e+00 1.187452316284179688e+00
9.517580270767211914e-01 8.960847258567810059e-01
9.014958739280700684e-01 8.148586153984069824e-01
1.302409768104553223e+00 1.198341369628906250e+00
9.391685128211975098e-01 8.825060129165649414e-01
2.256368398666381836e+00 1.953851461410522461e+00
3.402658402919769287e-01 2.580788135528564453e-01
1.231142640113830566e+00 1.163834095001220703e+00
1.041754364967346191e+00 1.076258659362792969e+00
2.619988322257995605e-01 2.498104274272918701e-01
1.588667631149291992e+00 1.807405471801757812e+00
1.569716453552246094e+00 1.611150026321411133e+00
1.604523301124572754e+00 1.623689889907836914e+00
1.857942700386047363e+00 1.692503929138183594e+00
1.262493014335632324e+00 1.117421150207519531e+00
1.761926531791687012e+00 1.331581830978393555e+00
6.704443097114562988e-01 8.323084712028503418e-01
1.131264090538024902e+00 1.371468067169189453e+00
1.160140514373779297e+00 1.471128702163696289e+00
1.169690966606140137e+00 1.235511779785156250e+00
8.160541653633117676e-01 9.386483430862426758e-01
1.189939618110656738e+00 1.136252641677856445e+00
8.379374146461486816e-01 6.777014136314392090e-01
7.212955355644226074e-01 9.009830355644226074e-01
1.318016171455383301e+00 1.251489877700805664e+00
1.810644745826721191e+00 1.682859659194946289e+00
1.778941035270690918e+00 1.703057050704956055e+00
1.314557790756225586e+00 1.219163179397583008e+00
1.449555993080139160e+00 1.439296245574951172e+00
1.486464619636535645e+00 1.352227210998535156e+00
1.445572972297668457e+00 1.497654438018798828e+00
1.712578415870666504e+00 1.574103116989135742e+00
1.515002608299255371e+00 1.536257505416870117e+00
1.635565638542175293e+00 1.599974393844604492e+00
1.870593547821044922e+00 1.966829061508178711e+00
9.638535976409912109e-01 8.801442980766296387e-01
2.042016744613647461e+00 2.010950803756713867e+00
1.480310201644897461e+00 1.500716924667358398e+00
1.998738408088684082e+00 1.981287717819213867e+00
1.102178096771240234e+00 1.005693674087524414e+00
1.020025253295898438e+00 1.164294242858886719e+00
1.194346666336059570e+00 1.168338298797607422e+00
1.049430847167968750e+00 1.056617975234985352e+00
2.056316137313842773e+00 1.968447685241699219e+00
1.959786057472229004e+00 1.980764865875244141e+00
1.962742686271667480e+00 1.868752717971801758e+00
1.933513998985290527e+00 1.849758625030517578e+00
6.695941686630249023e-01 7.502396702766418457e-01
1.200846433639526367e+00 1.022044420242309570e+00
1.603276491165161133e+00 1.507751584053039551e+00
3.971799314022064209e-01 5.925554633140563965e-01
8.433474302291870117e-01 7.200477719306945801e-01
5.999395847320556641e-01 5.799562335014343262e-01
3.494416475296020508e-01 5.955085754394531250e-01
9.539312720298767090e-01 9.287481904029846191e-01
1.184675931930541992e+00 1.101110219955444336e+00
4.037685096263885498e-01 5.579799413681030273e-01
7.555162906646728516e-01 7.606457471847534180e-01
6.230781078338623047e-01 6.616356372833251953e-01
7.306582927703857422e-01 7.017149329185485840e-01
1.476283788681030273e+00 1.887247323989868164e+00
6.478546261787414551e-01 6.339917182922363281e-01
8.393725752830505371e-01 7.539836168289184570e-01
6.839582920074462891e-01 6.719973087310791016e-01
8.103606104850769043e-01 7.322863340377807617e-01
6.510019898414611816e-01 6.848208904266357422e-01
4.967024624347686768e-01 5.849034786224365234e-01
8.919017910957336426e-01 7.028166055679321289e-01
7.111936211585998535e-01 6.463731527328491211e-01
7.115640640258789062e-01 6.528996825218200684e-01
8.016086220741271973e-01 6.672101020812988281e-01
4.412189722061157227e-01 5.329429507255554199e-01
9.484772682189941406e-01 9.254029989242553711e-01
7.174763083457946777e-01 6.263157725334167480e-01
8.449721336364746094e-01 6.764116287231445312e-01
6.436724662780761719e-01 6.071610450744628906e-01
7.342754006385803223e-01 6.597244739532470703e-01
9.771504402160644531e-01 1.146868109703063965e+00
1.373944282531738281e+00 9.278444051742553711e-01
6.403096914291381836e-01 7.600421905517578125e-01
4.990340471267700195e-01 5.682936906814575195e-01
4.037280976772308350e-01 3.835032582283020020e-01
4.367285668849945068e-01 4.848658144474029541e-01
8.813592791557312012e-01 6.937355995178222656e-01
1.044946551322937012e+00 9.852782487869262695e-01
6.255338191986083984e-01 6.001690626144409180e-01
5.004749298095703125e-01 4.581299722194671631e-01
8.923099637031555176e-01 1.180976271629333496e+00
8.262717723846435547e-01 7.201879620552062988e-01
7.834026813507080078e-01 7.550969123840332031e-01
6.451809406280517578e-01 6.937251091003417969e-01
1.031076073646545410e+00 9.378702640533447266e-01
4.089026153087615967e-01 5.703142881393432617e-01
6.807844638824462891e-01 5.803353190422058105e-01
8.972693681716918945e-01 8.027946949005126953e-01
6.780898571014404297e-01 7.341042757034301758e-01
6.483533978462219238e-01 6.727494001388549805e-01
5.980418920516967773e-01 6.337032318115234375e-01
6.560838818550109863e-01 7.120261192321777344e-01
8.067931532859802246e-01 7.819077968597412109e-01
5.169961452484130859e-01 5.968486666679382324e-01
9.999832510948181152e-01 9.160789251327514648e-01
7.203578352928161621e-01 5.261054039001464844e-01
7.255834937095642090e-01 7.250602245330810547e-01
7.551458477973937988e-01 7.292863130569458008e-01
8.967388868331909180e-01 8.952630758285522461e-01
4.298825860023498535e-01 4.841632843017578125e-01
7.128624916076660156e-01 7.239177227020263672e-01
7.899271249771118164e-01 7.636789679527282715e-01
6.985241174697875977e-01 7.278310656547546387e-01
1.118211627006530762e+00 1.045323133468627930e+00
8.505097627639770508e-01 8.517725467681884766e-01
8.330760002136230469e-01 7.442272901535034180e-01
7.762145400047302246e-01 7.941472530364990234e-01
8.610390424728393555e-01 8.279278278350830078e-01
8.494336605072021484e-01 7.871208190917968750e-01
5.692347884178161621e-01 5.893958210945129395e-01
9.644734859466552734e-01 9.781690835952758789e-01
5.530513525009155273e-01 6.711589097976684570e-01
8.037882447242736816e-01 8.691241741180419922e-01
9.111378192901611328e-01 9.256246089935302734e-01
6.453571319580078125e-01 6.232808828353881836e-01
1.033178448677062988e+00 1.025468230247497559e+00
1.511452198028564453e+00 1.899316549301147461e+00
7.722561955451965332e-01 9.354625940322875977e-01
7.424244880676269531e-01 7.758787870407104492e-01
7.509703636169433594e-01 7.241905927658081055e-01
9.034711718559265137e-01 8.810529708862304688e-01
9.948057532310485840e-01 9.016920328140258789e-01
8.955125212669372559e-01 9.043148756027221680e-01
7.351763248443603516e-01 7.276101708412170410e-01
9.073978662490844727e-01 8.735057115554809570e-01
8.524322509765625000e-01 9.276802539825439453e-01
1.048283457756042480e+00 8.275778293609619141e-01
1.253304362297058105e+00 1.726550579071044922e+00
1.062866449356079102e+00 8.103290200233459473e-01
6.982877850532531738e-01 6.528278589248657227e-01
5.669268965721130371e-01 7.644038200378417969e-01
7.947543263435363770e-01 8.510119915008544922e-01
8.605436682701110840e-01 8.923451900482177734e-01
1.162295222282409668e+00 1.160207748413085938e+00
8.984645009040832520e-01 8.006559014320373535e-01
7.837464809417724609e-01 6.659351587295532227e-01
1.007808804512023926e+00 8.852334022521972656e-01
9.342315793037414551e-01 9.204506874084472656e-01
8.984749913215637207e-01 8.762394189834594727e-01
9.474875926971435547e-01 1.038805603981018066e+00
2.156159162521362305e+00 1.908811211585998535e+00
1.908039927482604980e+00 1.881134629249572754e+00
2.084075927734375000e+00 2.004529237747192383e+00
1.433482408523559570e+00 1.295985460281372070e+00
5.735400319099426270e-01 5.888493657112121582e-01
1.123092889785766602e+00 9.570484161376953125e-01
1.417840361595153809e+00 1.272695183753967285e+00
1.233975887298583984e+00 1.248513698577880859e+00
1.308930635452270508e+00 1.269854784011840820e+00
1.218047857284545898e+00 1.219935655593872070e+00
1.751942276954650879e+00 1.639159679412841797e+00
1.049470543861389160e+00 9.860090613365173340e-01
1.500405550003051758e+00 1.143349647521972656e+00
4.953699111938476562e-01 6.728505492210388184e-01
1.292636513710021973e+00 7.698466777801513672e-01
1.306319355964660645e+00 7.754786014556884766e-01
7.326933145523071289e-01 5.905561447143554688e-01
1.272614002227783203e+00 8.357260227203369141e-01
6.329410076141357422e-01 7.109032273292541504e-01
1.308729290962219238e+00 1.445463299751281738e+00
1.008844017982482910e+00 9.092293977737426758e-01
8.023048043251037598e-01 6.804968118667602539e-01
6.454783678054809570e-01 7.485349178314208984e-01
1.452981591224670410e+00 1.419993400573730469e+00
1.239755988121032715e+00 1.487017631530761719e+00
1.852040290832519531e+00 1.370570421218872070e+00
1.252459287643432617e+00 1.278207182884216309e+00
8.462160825729370117e-01 8.627667427062988281e-01
9.163649678230285645e-01 9.288017749786376953e-01
1.133282542228698730e+00 1.276302337646484375e+00
9.846156239509582520e-01 1.008028388023376465e+00
1.272483348846435547e+00 1.197881698608398438e+00
5.385825634002685547e-01 7.151753306388854980e-01
7.960253357887268066e-01 8.562271595001220703e-01
1.284157872200012207e+00 1.291238784790039062e+00
4.934731423854827881e-01 5.397689342498779297e-01
1.046587824821472168e+00 1.094112396240234375e+00
1.286022305488586426e+00 1.829473495483398438e+00
6.092870831489562988e-01 6.430217027664184570e-01
1.262660980224609375e+00 9.920936822891235352e-01
6.905911564826965332e-01 7.567285299301147461e-01
5.989949703216552734e-01 5.482048392295837402e-01
1.051689147949218750e+00 9.862158298492431641e-01
8.902993202209472656e-01 8.628581762313842773e-01
1.081970453262329102e+00 1.061777353286743164e+00
7.374066114425659180e-01 7.355001568794250488e-01
1.586274981498718262e+00 1.766644477844238281e+00
2.051373481750488281e+00 1.771836996078491211e+00
1.476391673088073730e+00 1.529372572898864746e+00
1.104550123214721680e+00 8.178550004959106445e-01
9.538795351982116699e-01 8.206915855407714844e-01
1.117376923561096191e+00 1.216803550720214844e+00
1.183545708656311035e+00 1.158743023872375488e+00
6.090495586395263672e-01 6.297556161880493164e-01
6.515526175498962402e-01 6.297556161880493164e-01
9.489126801490783691e-01 8.914805650711059570e-01
1.298191070556640625e+00 1.259247779846191406e+00
1.172022104263305664e+00 1.270140171051025391e+00
8.204384446144104004e-01 8.539035916328430176e-01
1.239362716674804688e+00 1.039286017417907715e+00
3.080843091011047363e-01 4.227777719497680664e-01
-4.858469963073730469e-02 -4.423918202519416809e-03
6.378729343414306641e-01 6.078698635101318359e-01
1.156280875205993652e+00 1.116968035697937012e+00
1.169338822364807129e+00 1.157992362976074219e+00
1.564369797706604004e+00 1.721533775329589844e+00
1.697496891021728516e+00 1.701410889625549316e+00
1.718641996383666992e+00 1.251301527023315430e+00
7.430278062820434570e-01 7.378547191619873047e-01
4.665734767913818359e-01 4.967741370201110840e-01
1.222553610801696777e+00 1.117634773254394531e+00
7.816784381866455078e-01 7.679288387298583984e-01
4.946422874927520752e-01 5.962035655975341797e-01
6.801431179046630859e-01 7.172980308532714844e-01
8.244016766548156738e-01 6.678684949874877930e-01
6.838530898094177246e-01 7.820050120353698730e-01
1.303478837013244629e+00 1.114063143730163574e+00
1.674152255058288574e+00 1.622998118400573730e+00
1.545073032379150391e+00 1.523064136505126953e+00
1.233084917068481445e+00 1.197461366653442383e+00
1.785372495651245117e+00 1.694844722747802734e+00
1.387218475341796875e+00 1.051399230957031250e+00
1.700731396675109863e+00 1.550876379013061523e+00
1.230538368225097656e+00 1.164039611816406250e+00
1.658565878868103027e+00 1.582966804504394531e+00
5.748663544654846191e-01 5.997025966644287109e-01
7.496114373207092285e-01 8.006345033645629883e-01
1.673783540725708008e+00 1.679030656814575195e+00
5.845469236373901367e-01 6.234138011932373047e-01
4.574694931507110596e-01 4.868669211864471436e-01
1.434631347656250000e+00 1.535610795021057129e+00
4.183684885501861572e-01 4.474039077758789062e-01
1.507129430770874023e+00 1.447447419166564941e+00
8.301458358764648438e-01 8.747661709785461426e-01
4.041964113712310791e-01 5.153404474258422852e-01
9.739865660667419434e-01 9.424870610237121582e-01
2.192840337753295898e+00 1.954403400421142578e+00
1.770127058029174805e+00 2.023358106613159180e+00
6.534344553947448730e-01 5.937228798866271973e-01
8.386998772621154785e-01 8.317624330520629883e-01
1.827145695686340332e+00 1.983959197998046875e+00
5.516951680183410645e-01 6.068992018699645996e-01
1.534757852554321289e+00 1.654887318611145020e+00
6.054279804229736328e-01 5.572081804275512695e-01
1.779022812843322754e+00 1.569104671478271484e+00
1.896082282066345215e+00 1.740522265434265137e+00
1.635718703269958496e+00 1.692664742469787598e+00
1.628343939781188965e+00 1.563921570777893066e+00
7.254012227058410645e-01 5.869693160057067871e-01
1.178104758262634277e+00 1.279889583587646484e+00
1.536835908889770508e+00 1.204086303710937500e+00
1.581834316253662109e+00 1.273624658584594727e+00
1.240451097488403320e+00 1.142103672027587891e+00
1.164231657981872559e+00 1.179113864898681641e+00
6.772633194923400879e-01 6.792128086090087891e-01
1.228041768074035645e+00 1.216108083724975586e+00
1.571099162101745605e+00 1.744698166847229004e+00
1.719089150428771973e+00 1.731847763061523438e+00
1.804688692092895508e+00 1.761022210121154785e+00
5.896173715591430664e-01 6.382215023040771484e-01
1.635050296783447266e+00 1.544718742370605469e+00
1.100090146064758301e+00 1.006646633148193359e+00
1.022250771522521973e+00 9.837560653686523438e-01
1.613633275032043457e+00 1.308305501937866211e+00
1.376959681510925293e+00 1.029533147811889648e+00
1.731080174446105957e+00 1.979811906814575195e+00
6.283391714096069336e-01 7.401535511016845703e-01
1.697273015975952148e+00 1.622661113739013672e+00
1.983769059181213379e+00 2.018062353134155273e+00
1.912464261054992676e+00 1.956882238388061523e+00
2.041685581207275391e+00 1.953449249267578125e+00
1.942470192909240723e+00 1.958462238311767578e+00
1.269167184829711914e+00 1.164434432983398438e+00
2.023284673690795898e+00 1.964689135551452637e+00
1.986159324645996094e+00 1.987060546875000000e+00
1.000812292098999023e+00 1.028464674949645996e+00
1.874243497848510742e+00 2.036620140075683594e+00
1.862840890884399414e+00 2.130968332290649414e+00
4.549697041511535645e-01 7.513605356216430664e-01
8.802843093872070312e-01 8.504922389984130859e-01
2.245726585388183594e+00 2.034170866012573242e+00
