2.286846041679382324e-01 2.864284217357635498e-01
1.387435078620910645e+00 1.410711050033569336e+00
2.459182590246200562e-01 2.486796826124191284e-01
1.710058562457561493e-02 1.598779261112213135e-01
2.957799732685089111e-01 3.000316619873046875e-01
7.860828638076782227e-01 8.102173209190368652e-01
9.011399149894714355e-01 7.616268992424011230e-01
8.663557767868041992e-01 8.088979125022888184e-01
7.241181731224060059e-01 7.632274627685546875e-01
6.498040556907653809e-01 8.755767345428466797e-01
3.511196374893188477e-01 4.426923990249633789e-01
3.676101565361022949e-01 3.217803835868835449e-01
9.003042578697204590e-01 7.282478809356689453e-01
5.725528001785278320e-01 7.282460331916809082e-01
7.784547209739685059e-01 7.712649106979370117e-01
7.720943093299865723e-01 8.833603858947753906e-01
1.352205991744995117e+00 1.590922832489013672e+00
-3.456444293260574341e-02 -5.223907828330993652e-01
6.606996059417724609e-01 7.700964212417602539e-01
2.210247367620468140e-01 4.565439820289611816e-01
4.169061481952667236e-01 4.868054389953613281e-01
7.838787436485290527e-01 1.192832946777343750e+00
1.280685901641845703e+00 1.251412391662597656e+00
1.543373465538024902e+00 1.467387795448303223e+00
1.491170406341552734e+00 1.566782474517822266e+00
7.265883088111877441e-01 7.696219682693481445e-01
1.001232385635375977e+00 8.293819427490234375e-01
5.651348829269409180e-01 3.838631808757781982e-01
5.934320092201232910e-01 7.812903076410293579e-02
2.992035746574401855e-01 4.528095722198486328e-01
6.776446700096130371e-01 4.528096020221710205e-01
5.504343509674072266e-01 2.440762817859649658e-01
-1.680425368249416351e-02 4.700623154640197754e-01
2.385720014572143555e-01 2.656472921371459961e-01
3.136374652385711670e-01 -9.854468703269958496e-02
7.794729471206665039e-01 4.525934159755706787e-01
-2.104819297790527344e+00 -2.149309396743774414e+00
6.939217448234558105e-01 6.882708668708801270e-01
8.213617205619812012e-01 6.583136916160583496e-01
7.036987543106079102e-01 7.582811117172241211e-01
8.311205506324768066e-01 9.544602632522583008e-01
4.033873975276947021e-01 1.334064602851867676e-01
1.229621246457099915e-01 1.350471973419189453e-01
1.552708864212036133e+00 1.748545765876770020e+00
1.474231183528900146e-01 1.975322365760803223e-01
1.402606844902038574e+00 9.026812911033630371e-01
6.197559833526611328e-01 3.253632187843322754e-01
2.754333615303039551e-01 3.789181411266326904e-01
5.046216249465942383e-01 5.179501771926879883e-01
8.784751892089843750e-01 5.367446541786193848e-01
2.838067114353179932e-01 -1.208888292312622070e-01
4.517385065555572510e-01 6.148773431777954102e-01
-9.111189246177673340e-01 -8.411254286766052246e-01
6.215202435851097107e-02 3.344680368900299072e-01
3.232162594795227051e-01 5.066103935241699219e-01
5.293009877204895020e-01 5.639784336090087891e-01
1.061365962028503418e+00 1.281141042709350586e+00
7.817505598068237305e-01 8.671067953109741211e-01
5.147731304168701172e-01 5.920742750167846680e-01
1.789222717285156250e+00 1.339913249015808105e+00
8.533649444580078125e-01 1.003512620925903320e+00
-1.005355954170227051e+00 -9.509451985359191895e-01
-3.084081113338470459e-01 -2.736740112304687500e-01
-5.687139630317687988e-01 -9.561205506324768066e-01
-6.247832775115966797e-01 -6.353753805160522461e-01
4.773041307926177979e-01 4.930352270603179932e-01
1.921337008476257324e+00 1.896677017211914062e+00
-7.928112745285034180e-01 -4.271676242351531982e-01
-9.217852354049682617e-01 -7.832770347595214844e-01
-3.476535975933074951e-01 -3.469087779521942139e-01
1.796240091323852539e+00 2.115718126296997070e+00
2.665289640426635742e-01 2.589087486267089844e-01
2.612746059894561768e-01 6.072742938995361328e-01
4.249150156974792480e-01 4.908434748649597168e-01
3.897691965103149414e-01 3.172986507415771484e-01
4.907680451869964600e-01 4.071334600448608398e-01
3.337976932525634766e-01 2.754607498645782471e-01
-5.212587118148803711e-01 -2.891673445701599121e-01
1.330443471670150757e-01 1.473470479249954224e-01
1.927205473184585571e-01 3.863964229822158813e-02
-4.268501400947570801e-01 -3.350919187068939209e-01
3.489910364151000977e-01 1.397920995950698853e-01
1.967967510223388672e+00 1.621404170989990234e+00
5.775549411773681641e-01 1.118578091263771057e-01
8.864630460739135742e-01 6.411896944046020508e-01
8.319914340972900391e-01 1.157225370407104492e+00
3.402919694781303406e-02 -1.539064496755599976e-01
-5.926680192351341248e-02 -2.969921529293060303e-01
7.225860357284545898e-01 5.788689255714416504e-01
-2.557249665260314941e-01 -1.311644911766052246e-01
7.348533272743225098e-01 8.303959369659423828e-01
6.355696320533752441e-01 5.905576944351196289e-01
5.973369479179382324e-01 8.599662780761718750e-01
7.379434704780578613e-01 9.143186807632446289e-01
6.116315126419067383e-01 7.845271229743957520e-01
7.416560649871826172e-01 7.115919589996337891e-01
6.193830966949462891e-01 7.453448772430419922e-01
2.655656933784484863e-01 2.604170143604278564e-01
5.201536417007446289e-01 7.883802056312561035e-01
6.588979363441467285e-01 7.821624279022216797e-01
5.567563176155090332e-01 8.433316946029663086e-01
2.100179672241210938e+00 1.845344543457031250e+00
1.630525141954421997e-01 4.787117540836334229e-01
2.043825238943099976e-01 1.298497468233108521e-01
3.952982723712921143e-01 3.677352964878082275e-01
4.146723747253417969e-01 3.894555866718292236e-01
8.018758296966552734e-01 7.559130787849426270e-01
8.097307682037353516e-01 1.077248334884643555e+00
-7.937754988670349121e-01 -5.447867512702941895e-01
1.634587526321411133e+00 1.325537681579589844e+00
-5.568792223930358887e-01 -4.962714016437530518e-01
-1.738253682851791382e-01 -2.170555591583251953e-01
9.021195769309997559e-01 8.179195523262023926e-01
-6.652319431304931641e-01 -5.979281663894653320e-01
1.421982884407043457e+00 1.104566335678100586e+00
2.350131571292877197e-01 2.944125235080718994e-01
-5.565367639064788818e-02 -2.539523132145404816e-02
-3.303608894348144531e-01 -3.657758831977844238e-01
1.157160028815269470e-01 7.546126842498779297e-03
1.060985088348388672e+00 1.202649593353271484e+00
-1.173204421997070312e+00 -8.714522719383239746e-01
-1.125110030174255371e+00 -8.340179920196533203e-01
-5.899169445037841797e-01 -5.516306161880493164e-01
-5.838977918028831482e-02 -2.093905583024024963e-03
-1.267727494239807129e+00 -9.543670415878295898e-01
-1.514947563409805298e-01 8.563770353794097900e-02
6.844873726367950439e-02 2.670413851737976074e-01
2.101895660161972046e-01 2.220399975776672363e-01
1.257247805595397949e+00 1.166494727134704590e+00
1.597630679607391357e-01 1.700551062822341919e-01
1.309915184974670410e-01 2.931763231754302979e-01
-8.492523431777954102e-01 -8.714522719383239746e-01
-5.490320920944213867e-01 -6.078461408615112305e-01
-6.732327491044998169e-02 3.541697561740875244e-02
5.965002179145812988e-01 3.721978664398193359e-01
8.155564963817596436e-02 9.642277657985687256e-02
-3.847156465053558350e-01 -6.230380535125732422e-01
2.395126968622207642e-01 3.947680592536926270e-01
1.620560325682163239e-02 8.719793707132339478e-02
-1.049065515398979187e-01 -3.327224552631378174e-01
5.330628752708435059e-01 3.223926723003387451e-01
-4.951644539833068848e-01 -6.087529659271240234e-01
1.377305537462234497e-01 3.700011968612670898e-02
-1.246617436408996582e-01 -9.810137748718261719e-02
1.527291983366012573e-01 1.557906866073608398e-01
2.579138576984405518e-01 2.655376791954040527e-01
1.785955280065536499e-01 1.326823234558105469e-01
-6.643106937408447266e-01 -4.897706210613250732e-01
1.808016896247863770e-01 2.872696816921234131e-01
9.148754477500915527e-01 4.858668148517608643e-01
1.175667811185121536e-02 5.427992343902587891e-02
2.346283942461013794e-01 3.239423334598541260e-01
1.244505524635314941e+00 7.434259653091430664e-01
-1.369894593954086304e-01 -2.039001882076263428e-01
1.328828483819961548e-01 8.254816383123397827e-02
3.246111273765563965e-01 2.990550100803375244e-01
1.522727012634277344e+00 1.221884012222290039e+00
4.042373597621917725e-01 4.214264750480651855e-01
1.837950795888900757e-01 8.292299509048461914e-02
1.281423568725585938e+00 1.500499010086059570e+00
-8.533148765563964844e-01 -8.331505656242370605e-01
4.397250711917877197e-02 9.625981003046035767e-02
4.209513962268829346e-01 4.151979088783264160e-01
1.174001574516296387e+00 1.509081125259399414e+00
1.378205299377441406e+00 1.222279429435729980e+00
-4.966515600681304932e-01 -8.331505656242370605e-01
9.272347390651702881e-02 8.596710860729217529e-02
5.403093695640563965e-01 9.637777209281921387e-01
-6.007632613182067871e-01 -4.264924228191375732e-01
1.333953022956848145e+00 1.266455531120300293e+00
-1.052509099245071411e-01 -2.996166348457336426e-01
1.649264246225357056e-01 1.861292421817779541e-01
2.259675562381744385e-01 1.761927008628845215e-01
3.351303637027740479e-01 3.141585886478424072e-01
9.449582695960998535e-01 9.490549564361572266e-01
3.344542980194091797e-01 3.887917473912239075e-02
2.026591002941131592e-01 2.518064379692077637e-01
4.341977536678314209e-01 8.084698319435119629e-01
1.652612686157226562e-01 4.050060212612152100e-01
1.008266687393188477e+00 9.769595265388488770e-01
1.277636051177978516e+00 1.144107818603515625e+00
8.084922432899475098e-01 7.828259468078613281e-01
8.125774860382080078e-01 8.512689471244812012e-01
-1.518954485654830933e-01 -3.574295938014984131e-01
7.725141644477844238e-01 7.861022949218750000e-01
2.295574098825454712e-01 2.174758911132812500e-01
2.361143976449966431e-01 1.585838198661804199e-01
7.822949290275573730e-01 6.862415075302124023e-01
2.565822601318359375e-01 5.174422860145568848e-01
2.704068720340728760e-01 2.064741551876068115e-01
7.722949981689453125e-01 8.368863463401794434e-01
1.741746217012405396e-01 2.046146392822265625e-01
1.615704536437988281e+00 1.578329324722290039e+00
4.476952925324440002e-02 -3.944984376430511475e-01
8.801018446683883667e-02 2.472090534865856171e-03
4.588103294372558594e-01 6.487675905227661133e-01
3.945902287960052490e-01 3.635408580303192139e-01
9.926781058311462402e-02 1.862516999244689941e-01
9.621939659118652344e-01 3.146327435970306396e-01
1.920214056968688965e+00 1.543018341064453125e+00
1.689342856407165527e+00 1.431241750717163086e+00
1.259571462869644165e-01 4.395663738250732422e-03
8.242767453193664551e-01 9.675803780555725098e-01
1.187302097678184509e-01 1.779278814792633057e-01
-2.127228260040283203e+00 -2.137018442153930664e+00
-1.475738584995269775e-01 -9.009072184562683105e-02
3.689604997634887695e-01 4.569804370403289795e-01
1.632510274648666382e-01 6.250306963920593262e-02
9.320955872535705566e-01 1.062357425689697266e+00
-2.211206555366516113e-01 -2.807021439075469971e-01
-9.100194275379180908e-02 1.251603513956069946e-01
2.342077046632766724e-01 2.271326333284378052e-01
-2.324851274490356445e+00 -2.399945020675659180e+00
1.075717926025390625e+00 9.238578081130981445e-01
2.350519299507141113e-01 2.447095811367034912e-01
-6.871418561786413193e-03 -1.654472015798091888e-02
1.033857092261314392e-01 -4.877980798482894897e-03
1.895036101341247559e-01 2.991079092025756836e-01
-7.693355083465576172e-01 -8.121001720428466797e-01
-5.158698558807373047e-01 -8.120996952056884766e-01
8.927293419837951660e-01 4.625528156757354736e-01
3.603881001472473145e-01 2.111963331699371338e-01
6.571138501167297363e-01 7.077481746673583984e-01
-1.424036979675292969e+00 -1.568101048469543457e+00
7.573574185371398926e-01 9.987913966178894043e-01
1.003148436546325684e+00 9.935643076896667480e-01
6.052922010421752930e-01 9.703056216239929199e-01
6.994604468345642090e-01 9.020410776138305664e-01
1.226408958435058594e+00 1.633760333061218262e+00
1.169690012931823730e+00 1.109675526618957520e+00
1.104040145874023438e+00 1.046477437019348145e+00
3.556861281394958496e-01 3.379652798175811768e-01
3.464315235614776611e-01 4.326071739196777344e-01
4.150598645210266113e-01 4.326049983501434326e-01
1.301957368850708008e+00 1.605780959129333496e+00
7.401889562606811523e-01 7.779849767684936523e-01
9.005717635154724121e-01 6.715269088745117188e-01
6.630440354347229004e-01 1.083890318870544434e+00
1.376525521278381348e+00 1.521849155426025391e+00
1.063434600830078125e+00 9.621368646621704102e-01
1.606233835220336914e+00 1.542973279953002930e+00
4.782090485095977783e-01 5.520088672637939453e-01
1.260258674621582031e+00 1.748735070228576660e+00
1.822627663612365723e+00 1.753485321998596191e+00
1.167375564575195312e+00 9.273656606674194336e-01
5.231117606163024902e-01 6.164248585700988770e-01
6.603983640670776367e-01 3.358867466449737549e-01
1.367633461952209473e+00 1.619282126426696777e+00
4.251539409160614014e-01 -4.645314812660217285e-02
2.709155976772308350e-01 3.878780603408813477e-01
2.224598675966262817e-01 4.804699122905731201e-01
1.493628501892089844e+00 1.237528681755065918e+00
8.713887631893157959e-02 3.231883347034454346e-01
3.320813477039337158e-01 2.321714460849761963e-01
-1.251693367958068848e+00 9.299264103174209595e-02
3.026282787322998047e-01 3.111235201358795166e-01
8.824475109577178955e-02 2.481779903173446655e-01
2.893129289150238037e-01 5.949228405952453613e-01
3.509169220924377441e-01 4.969173073768615723e-01
2.865614593029022217e-01 7.463185191154479980e-01
3.386958837509155273e-01 7.494708895683288574e-01
1.925077587366104126e-01 4.939292371273040771e-01
3.260658383369445801e-01 -5.787799358367919922e-01
5.553900599479675293e-01 4.853024780750274658e-01
7.786859869956970215e-01 7.344257831573486328e-01
7.859120965003967285e-01 7.835499048233032227e-01
6.182739511132240295e-02 6.371506303548812866e-02
4.253956973552703857e-01 2.383641004562377930e-01
2.103044092655181885e-01 -3.325564414262771606e-02
6.014669537544250488e-01 6.912893056869506836e-01
6.056248545646667480e-01 5.917830467224121094e-01
1.204397603869438171e-01 5.667107701301574707e-01
-1.027856826782226562e+00 -6.997227668762207031e-01
1.171707212924957275e-01 2.561592757701873779e-01
7.419937849044799805e-01 3.120356202125549316e-01
7.722948789596557617e-01 6.616172790527343750e-01
3.588438630104064941e-01 4.222797155380249023e-01
6.214059591293334961e-01 3.793998658657073975e-01
1.974011808633804321e-01 1.212947815656661987e-01
-2.191178798675537109e+00 -2.250385999679565430e+00
-6.967328190803527832e-01 -6.276845335960388184e-01
8.501768112182617188e-01 8.220525383949279785e-01
6.148270964622497559e-01 6.142875552177429199e-01
1.493721961975097656e+00 1.224935889244079590e+00
-6.522526741027832031e-01 -6.142669320106506348e-01
-7.751394063234329224e-02 -2.169316709041595459e-01
-7.166768312454223633e-01 -8.946369886398315430e-01
-1.022015333175659180e+00 -8.656033873558044434e-01
1.301541090011596680e+00 1.067532896995544434e+00
6.711728572845458984e-01 7.082319855690002441e-01
8.591048717498779297e-01 6.327157616615295410e-01
2.494358062744140625e+00 1.887707948684692383e+00
7.339413762092590332e-01 7.388181686401367188e-01
2.336633354425430298e-01 2.131361365318298340e-01
2.584455609321594238e-01 1.875422298908233643e-01
3.070078194141387939e-01 3.520200550556182861e-01
7.369025349617004395e-01 7.843266129493713379e-01
2.413449734449386597e-01 1.703053265810012817e-01
5.015022754669189453e-01 5.198085904121398926e-01
3.164863586425781250e-01 3.586996495723724365e-01
-2.242574542760848999e-01 -2.954941689968109131e-01
4.038183018565177917e-02 1.203503608703613281e-01
1.403752207756042480e+00 8.548634052276611328e-01
2.047670185565948486e-01 2.520058453083038330e-01
-2.763316035270690918e-02 1.096798032522201538e-01
-1.105669289827346802e-01 1.904765516519546509e-01
2.229432761669158936e-01 2.345487177371978760e-01
-7.095327228307723999e-02 -1.175300627946853638e-01
-2.891888320446014404e-01 -3.162115812301635742e-01
-8.317295461893081665e-03 -1.980262100696563721e-01
1.376012682914733887e+00 1.355664014816284180e+00
9.023259282112121582e-01 1.237324595451354980e+00
1.422551035881042480e+00 8.194003105163574219e-01
8.296803832054138184e-01 8.006430864334106445e-01
1.061240673065185547e+00 5.890077948570251465e-01
6.798258423805236816e-01 8.966299295425415039e-01
8.434138298034667969e-01 1.146432757377624512e+00
8.684132099151611328e-01 7.474342584609985352e-01
3.347258865833282471e-01 3.908087611198425293e-01
9.105781912803649902e-01 1.121928334236145020e+00
9.649159312248229980e-01 1.328821063041687012e+00
1.849329173564910889e-01 1.964952647686004639e-01
1.428984880447387695e+00 1.228099226951599121e+00
7.446038722991943359e-01 4.959777891635894775e-01
1.745255142450332642e-01 2.766455523669719696e-02
3.635819256305694580e-01 1.295811086893081665e-01
1.208728328347206116e-01 -3.463935106992721558e-03
1.443953990936279297e+00 1.136983275413513184e+00
1.232379078865051270e+00 9.478114247322082520e-01
1.107459545135498047e+00 9.099317789077758789e-01
1.653674244880676270e+00 1.262673974037170410e+00
1.060470581054687500e+00 1.256227374076843262e+00
-7.407965660095214844e-01 -4.989835321903228760e-01
6.602515578269958496e-01 6.040638089179992676e-01
9.942817687988281250e-01 7.507310509681701660e-01
5.674446821212768555e-01 5.318272113800048828e-01
1.020129203796386719e+00 9.083383083343505859e-01
8.557055145502090454e-02 9.334336966276168823e-02
-3.343594670295715332e-01 -2.834677994251251221e-01
-2.543243952095508575e-02 2.528278529644012451e-01
-1.164165019989013672e+00 -8.880955576896667480e-01
-7.570776939392089844e-01 -8.609137535095214844e-01
9.864417910575866699e-01 7.998903989791870117e-01
-2.832711935043334961e-01 -1.439038217067718506e-01
-9.591196477413177490e-02 9.715061634778976440e-02
1.006093323230743408e-01 1.523502916097640991e-01
-2.895545661449432373e-01 -6.236252784729003906e-01
-2.184652350842952728e-02 -1.624480634927749634e-01
-6.893894076347351074e-01 -4.884840548038482666e-01
-8.956382423639297485e-02 3.060389459133148193e-01
-2.715701460838317871e-01 -3.925457894802093506e-01
5.217252373695373535e-01 6.774479150772094727e-01
-2.065967172384262085e-01 -2.661154232919216156e-02
2.617931067943572998e-01 3.574261963367462158e-01
3.426760733127593994e-01 2.414730340242385864e-01
1.862583905458450317e-01 2.753416299819946289e-01
-3.680067658424377441e-01 -5.704559087753295898e-01
-8.321649432182312012e-01 -1.104105353355407715e+00
-4.073133170604705811e-01 -6.914226412773132324e-01
-2.782078273594379425e-02 7.225987501442432404e-03
3.685528934001922607e-01 5.691319704055786133e-01
4.299112781882286072e-02 -7.655645161867141724e-02
2.801451385021209717e-01 4.170641005039215088e-01
1.824124336242675781e+00 1.565705895423889160e+00
1.847459673881530762e+00 1.870150685310363770e+00
-8.617560863494873047e-01 -9.898917675018310547e-01
3.702103197574615479e-01 -2.286105751991271973e-01
1.605398058891296387e+00 1.701839089393615723e+00
-1.210830360651016235e-01 -2.876177243888378143e-02
3.122324049472808838e-01 3.439251482486724854e-01
3.531085094437003136e-03 -3.140708059072494507e-02
4.001044929027557373e-01 4.936777651309967041e-01
-8.760694265365600586e-01 -9.522889852523803711e-01
-1.930328011512756348e-01 -1.079942137002944946e-01
1.033865332603454590e+00 8.450786471366882324e-01
7.691523432731628418e-01 9.951288700103759766e-01
2.403167933225631714e-01 2.258382588624954224e-01
4.215108752250671387e-01 1.995924115180969238e-01
1.394100487232208252e-01 4.320721328258514404e-02
5.393524765968322754e-01 5.451258420944213867e-01
4.054302871227264404e-01 4.537695944309234619e-01
9.220115095376968384e-02 5.558071136474609375e-01
8.243668079376220703e-01 7.816448807716369629e-01
4.859775006771087646e-01 5.705040097236633301e-01
6.005755066871643066e-01 6.052916646003723145e-01
7.419583797454833984e-01 6.841003894805908203e-01
3.284348845481872559e-01 4.854207932949066162e-01
-1.023489534854888916e-01 8.305384963750839233e-02
-5.578129887580871582e-01 -9.664987027645111084e-02
1.828890740871429443e-01 2.817361652851104736e-01
1.006894588470458984e+00 6.396667957305908203e-01
1.288203299045562744e-01 4.301800578832626343e-02
1.188508868217468262e+00 1.430027127265930176e+00
6.285043358802795410e-01 8.137876987457275391e-01
5.096715092658996582e-01 5.700984001159667969e-01
1.298048853874206543e+00 1.118126273155212402e+00
2.699156999588012695e-01 3.702992498874664307e-01
1.345027387142181396e-01 1.722810566425323486e-01
1.235342979431152344e+00 1.620579123497009277e+00
-5.928031206130981445e-01 -5.752736330032348633e-01
2.030151486396789551e-01 7.326614856719970703e-02
6.273460984230041504e-01 7.270346283912658691e-01
-1.641183942556381226e-01 -9.655699133872985840e-02
1.766767054796218872e-01 -9.164268150925636292e-03
2.622728422284126282e-02 -7.374728098511695862e-03
7.633522152900695801e-01 6.763877272605895996e-01
1.077391207218170166e-01 3.842715919017791748e-02
1.869190856814384460e-02 -7.795419543981552124e-02
5.876258611679077148e-01 6.440645456314086914e-01
6.823391914367675781e-01 9.091805815696716309e-01
1.250842928886413574e+00 1.697754502296447754e+00
5.156710743904113770e-01 4.919548034667968750e-01
8.046515285968780518e-02 1.706794351339340210e-01
1.768707334995269775e-01 2.709279358386993408e-01
-3.130220621824264526e-02 -1.765652187168598175e-02
6.731945276260375977e-01 5.575010776519775391e-01
3.880718946456909180e-01 3.903106749057769775e-01
2.389862984418869019e-01 3.604580163955688477e-01
2.522455751895904541e-01 3.224244415760040283e-01
1.097278669476509094e-01 -1.943181641399860382e-02
1.964582949876785278e-01 2.277337014675140381e-01
2.133153378963470459e-01 1.640682294964790344e-02
5.265572667121887207e-01 4.096052348613739014e-01
-1.411272525787353516e+00 -1.344970703125000000e+00
4.570330083370208740e-01 3.853466808795928955e-01
3.678898811340332031e-01 3.402808606624603271e-01
7.304761409759521484e-01 4.833904206752777100e-01
1.029170870780944824e+00 1.170102238655090332e+00
3.509273827075958252e-01 5.661578178405761719e-01
8.715569376945495605e-01 8.569583892822265625e-01
8.501005172729492188e-01 3.995110392570495605e-01
-3.580377399921417236e-01 -7.713203132152557373e-02
-1.223312616348266602e+00 -1.226632595062255859e+00
4.875162839889526367e-01 6.424896717071533203e-01
6.034675240516662598e-01 7.109506130218505859e-01
4.957112669944763184e-01 7.073341608047485352e-01
5.887019634246826172e-02 -4.442960023880004883e-02
-2.363225460052490234e+00 -2.450986623764038086e+00
-5.251328945159912109e-01 -8.033261895179748535e-01
9.692630767822265625e-01 8.523117303848266602e-01
4.168033003807067871e-01 3.540387451648712158e-01
-2.438482791185379028e-01 -4.478348195552825928e-01
1.273350358009338379e+00 1.126154661178588867e+00
2.035280466079711914e+00 1.367488503456115723e+00
7.084841728210449219e-01 6.697431206703186035e-01
6.618731021881103516e-01 8.593896031379699707e-01
1.287508010864257812e+00 9.630936980247497559e-01
9.892715215682983398e-01 8.176584243774414062e-01
1.101967811584472656e+00 1.158970713615417480e+00
1.157656073570251465e+00 1.284477233886718750e+00
1.322959423065185547e+00 1.359988570213317871e+00
1.796723484992980957e+00 1.422806978225708008e+00
3.361029028892517090e-01 2.907876670360565186e-01
3.601139485836029053e-01 4.479160606861114502e-01
3.989208042621612549e-01 2.255892753601074219e-01
6.663779616355895996e-01 8.547729253768920898e-01
9.550873041152954102e-01 1.107218623161315918e+00
8.797825574874877930e-01 9.560831785202026367e-01
7.892557382583618164e-01 5.644025802612304688e-01
9.830068945884704590e-01 1.037162423133850098e+00
-7.449637651443481445e-01 -4.949766099452972412e-01
1.269727706909179688e+00 1.230378031730651855e+00
1.116416096687316895e+00 8.634071946144104004e-01
1.377369284629821777e+00 1.550466179847717285e+00
1.334931135177612305e+00 1.232262015342712402e+00
1.151250481605529785e+00 1.638361930847167969e+00
1.349356412887573242e+00 1.328126549720764160e+00
-9.614596962928771973e-01 -3.109361529350280762e-01
1.784608364105224609e+00 1.541742086410522461e+00
1.370445847511291504e+00 1.290352821350097656e+00
4.554755687713623047e-01 5.196743011474609375e-01
3.462069034576416016e-01 2.848350703716278076e-01
7.982512712478637695e-01 6.917424798011779785e-01
1.002879500389099121e+00 1.076625704765319824e+00
1.103435635566711426e+00 1.032157421112060547e+00
7.230637669563293457e-01 2.015802860260009766e-01
1.723516583442687988e+00 1.263090014457702637e+00
7.102768421173095703e-01 4.445051252841949463e-01
1.070074915885925293e+00 1.248041749000549316e+00
1.796271055936813354e-01 2.053726613521575928e-01
7.128592133522033691e-01 3.992697894573211670e-01
1.733193695545196533e-01 1.841073930263519287e-01
3.125900924205780029e-01 2.414385229349136353e-01
4.899416565895080566e-01 4.243772923946380615e-01
7.740167975425720215e-01 5.683276653289794922e-01
-5.677818655967712402e-01 -5.624055266380310059e-01
1.077629804611206055e+00 1.156983137130737305e+00
-2.164155721664428711e+00 -1.910609960556030273e+00
1.314829349517822266e+00 1.371768116950988770e+00
-5.932796001434326172e-01 -2.561439871788024902e-01
9.283396005630493164e-01 8.847762942314147949e-01
1.634562015533447266e-01 2.320817708969116211e-01
6.537800431251525879e-01 1.009945273399353027e+00
-1.284763664007186890e-01 2.260055392980575562e-01
4.000039398670196533e-01 3.196505010128021240e-01
5.119553804397583008e-01 3.307835161685943604e-01
8.294906020164489746e-01 8.616207242012023926e-01
1.417774319648742676e+00 1.016731739044189453e+00
3.443208634853363037e-01 2.647022902965545654e-01
1.026701852679252625e-01 5.711817741394042969e-02
-5.102447420358657837e-02 3.365183994174003601e-02
7.416273355484008789e-01 8.355006575584411621e-01
4.917426407337188721e-01 3.993968367576599121e-01
-2.540254890918731689e-01 2.186672948300838470e-02
1.330963611602783203e+00 9.064922332763671875e-01
1.118876099586486816e+00 1.285924196243286133e+00
-3.919790387153625488e-01 -3.049987852573394775e-01
4.392340481281280518e-01 -8.024563789367675781e-01
8.021223545074462891e-01 8.548449277877807617e-01
7.145441174507141113e-01 8.024743199348449707e-01
5.855019092559814453e-01 5.605686902999877930e-01
7.095425724983215332e-01 6.922925114631652832e-01
7.903355956077575684e-01 6.827338933944702148e-01
6.997611522674560547e-01 9.449470639228820801e-01
1.690067648887634277e+00 1.585705161094665527e+00
1.692280173301696777e+00 1.640803933143615723e+00
-2.583120763301849365e-01 -7.950751781463623047e-01
-1.086236834526062012e+00 -7.923457026481628418e-01
-4.651867598295211792e-02 -3.553328514099121094e-01
3.780816197395324707e-01 6.625517606735229492e-01
2.448070794343948364e-01 1.468888223171234131e-01
4.403366446495056152e-01 3.217981755733489990e-01
-6.517198681831359863e-01 -6.597374677658081055e-01
-4.406698644161224365e-01 -5.044755339622497559e-01
1.228907346725463867e+00 8.353455662727355957e-01
2.336570769548416138e-01 2.216045558452606201e-01
1.193922996520996094e+00 1.283542275428771973e+00
2.118188589811325073e-01 1.796332299709320068e-01
3.442788422107696533e-01 2.821354568004608154e-01
1.456818461418151855e+00 1.211995482444763184e+00
5.930278897285461426e-01 6.526116728782653809e-01
6.247056126594543457e-01 7.084647417068481445e-01
-9.264877438545227051e-02 -9.006514400243759155e-02
4.778138101100921631e-01 3.532219529151916504e-01
6.894809603691101074e-01 6.161756515502929688e-01
5.042632818222045898e-01 4.234185516834259033e-01
-1.740667372941970825e-01 -4.113613814115524292e-02
-2.675390541553497314e-01 -2.285309731960296631e-01
2.975149750709533691e-01 -7.843904942274093628e-02
3.352660313248634338e-02 4.109726753085851669e-03
6.544854640960693359e-01 4.791232347488403320e-01
-1.530479788780212402e-01 -9.919645264744758606e-03
2.126734256744384766e-01 1.604974269866943359e-01
-2.243790775537490845e-01 -1.059127040207386017e-02
-3.096184730529785156e-01 -1.443674266338348389e-01
1.412402391433715820e+00 1.471961140632629395e+00
-2.083917111158370972e-01 -1.415389478206634521e-01
8.793033361434936523e-01 7.468197941780090332e-01
1.162937164306640625e+00 8.188636302947998047e-01
9.396128654479980469e-01 8.142676353454589844e-01
1.330405354499816895e+00 1.119725704193115234e+00
-9.949828684329986572e-02 -4.181735813617706299e-01
9.257274866104125977e-01 6.345827579498291016e-01
1.007923126220703125e+00 1.146111130714416504e+00
2.834770381450653076e-01 1.699533015489578247e-01
5.991041660308837891e-01 5.649639368057250977e-01
1.167572140693664551e+00 7.765898704528808594e-01
-6.010211110115051270e-01 -4.925012588500976562e-01
-6.700844168663024902e-01 -5.825291275978088379e-01
1.200432777404785156e+00 1.223323702812194824e+00
6.672993302345275879e-01 6.000920534133911133e-01
2.885246276855468750e-01 3.231576681137084961e-01
6.403584480285644531e-01 8.206689953804016113e-01
-5.650062859058380127e-02 -3.295556455850601196e-02
5.521126985549926758e-01 5.126721858978271484e-01
9.266341328620910645e-01 8.752002716064453125e-01
5.687924623489379883e-01 7.607136964797973633e-01
1.020571351051330566e+00 9.133492112159729004e-01
-7.258205413818359375e-01 -5.626243948936462402e-01
7.431034445762634277e-01 7.776790261268615723e-01
3.392647206783294678e-01 1.765395104885101318e-01
8.879573941230773926e-01 8.279602527618408203e-01
-8.259253948926925659e-02 5.657403916120529175e-02
9.578951634466648102e-03 2.039029598236083984e-01
6.841253638267517090e-01 7.733689546585083008e-01
-1.172807887196540833e-01 -3.961545825004577637e-01
1.895762681961059570e-01 5.319900345057249069e-03
-1.572204381227493286e-01 2.514077164232730865e-02
-3.262915611267089844e-01 -4.824810326099395752e-01
4.937351942062377930e-01 5.194224119186401367e-01
3.365591168403625488e-01 2.129888385534286499e-01
7.581702470779418945e-01 7.942509651184082031e-01
1.875618934631347656e+00 1.597189784049987793e+00
-4.572372436523437500e-01 -5.526136755943298340e-01
1.562766790390014648e+00 1.753124952316284180e+00
-8.247160911560058594e-01 -7.799216508865356445e-01
7.535376586019992828e-03 1.796403825283050537e-01
4.091273844242095947e-01 4.304015040397644043e-01
-7.054584026336669922e-01 -1.191257476806640625e+00
3.590274155139923096e-01 2.932015359401702881e-01
-3.686531484127044678e-01 -5.166144371032714844e-01
5.215312242507934570e-01 1.757806539535522461e-01
-1.513226479291915894e-01 -4.577006772160530090e-02
8.697044104337692261e-02 4.388694092631340027e-02
7.551140189170837402e-01 4.222518503665924072e-01
-6.430462002754211426e-01 -1.202336907386779785e+00
3.161376416683197021e-01 2.768811881542205811e-01
2.782519161701202393e-01 4.028037488460540771e-01
-1.636849045753479004e-01 -2.233257740736007690e-01
4.138596951961517334e-01 1.706670075654983521e-01
1.655132393352687359e-03 -2.437866926193237305e-01
9.638698101043701172e-01 5.585063695907592773e-01
5.172002315521240234e-01 7.210520505905151367e-01
1.711494028568267822e-01 1.107278615236282349e-01
5.518819689750671387e-01 3.483178615570068359e-01
1.136205792427062988e+00 1.383793830871582031e+00
2.163532227277755737e-01 2.314168512821197510e-01
-4.454307556152343750e-01 -3.759061992168426514e-01
7.008556127548217773e-01 5.119007825851440430e-01
1.300283312797546387e+00 1.392896533012390137e+00
1.453713774681091309e-01 4.339157342910766602e-01
1.391888111829757690e-01 2.031485885381698608e-01
-3.712721168994903564e-02 1.024303063750267029e-01
1.653767824172973633e-01 2.722066342830657959e-01
1.060713768005371094e+00 6.267648935317993164e-01
-4.929036200046539307e-01 -5.992113351821899414e-01
-5.218041315674781799e-02 2.052711546421051025e-01
1.889708079397678375e-02 8.250122517347335815e-02
6.107064485549926758e-01 6.970934867858886719e-01
1.774845719337463379e+00 1.222526192665100098e+00
9.565617889165878296e-02 -3.307281136512756348e-01
1.088268518447875977e+00 1.102771162986755371e+00
1.021765112876892090e+00 1.390186071395874023e+00
7.360568046569824219e-01 9.897296428680419922e-01
3.600750565528869629e-01 3.771125972270965576e-01
1.098189115524291992e+00 9.764620065689086914e-01
1.389703750610351562e+00 1.273343443870544434e+00
9.047247767448425293e-01 9.623907208442687988e-01
8.577558994293212891e-01 8.276770114898681641e-01
2.795265018939971924e-01 7.454848289489746094e-02
2.871903181076049805e-01 4.218336641788482666e-01
-1.375573575496673584e-01 5.167955905199050903e-02
1.427203059196472168e+00 1.325455307960510254e+00
5.762916803359985352e-01 1.892477869987487793e-01
3.206315934658050537e-01 3.937566876411437988e-01
1.053083419799804688e+00 1.358776211738586426e+00
2.209129035472869873e-01 2.097281515598297119e-01
7.856059670448303223e-01 7.664336562156677246e-01
2.754615247249603271e-01 2.798786163330078125e-01
-2.875345386564731598e-02 2.823089808225631714e-02
8.311212658882141113e-01 8.135958909988403320e-01
7.672965526580810547e-01 3.280378878116607666e-01
2.415399402379989624e-01 2.360801994800567627e-01
1.509626388549804688e+00 1.440160393714904785e+00
2.542562186717987061e-01 1.144815385341644287e-01
1.139865398406982422e+00 1.149251103401184082e+00
3.767832517623901367e-01 4.219529032707214355e-01
-2.088587522506713867e+00 -2.101089954376220703e+00
3.669777512550354004e-01 3.393125832080841064e-01
5.522452592849731445e-01 4.156393408775329590e-01
2.964681684970855713e-01 3.477188646793365479e-01
1.993937253952026367e+00 2.237503767013549805e+00
7.389433383941650391e-01 6.322399377822875977e-01
8.278639316558837891e-01 3.933348953723907471e-01
5.962089300155639648e-01 6.691185235977172852e-01
6.030272841453552246e-01 6.401174068450927734e-01
-1.421855568885803223e+00 -1.528357505798339844e+00
-1.066736817359924316e+00 -8.042799830436706543e-01
1.977309733629226685e-01 2.489221692085266113e-01
-1.578630566596984863e+00 -1.466371655464172363e+00
-9.990341067314147949e-01 -8.966323137283325195e-01
3.785997331142425537e-01 4.536624252796173096e-01
6.621178388595581055e-01 2.897001802921295166e-01
2.294540107250213623e-01 2.994022965431213379e-01
7.181513905525207520e-01 8.055447936058044434e-01
5.899550318717956543e-01 6.778230071067810059e-01
1.374762654304504395e+00 1.431566238403320312e+00
1.040732383728027344e+00 9.903159141540527344e-01
6.645350456237792969e-01 6.278380751609802246e-01
1.056089639663696289e+00 7.416875958442687988e-01
3.185133337974548340e-01 3.547355532646179199e-01
-2.579290151596069336e+00 -2.430188655853271484e+00
-2.283101320266723633e+00 -2.430261611938476562e+00
6.598892807960510254e-01 9.742155671119689941e-01
1.236414432525634766e+00 7.723944783210754395e-01
9.083320498466491699e-01 1.037604808807373047e+00
1.192428588867187500e+00 1.235423922538757324e+00
3.125928044319152832e-01 3.849296569824218750e-01
4.717709720134735107e-01 3.702958226203918457e-01
1.135780811309814453e+00 9.842574000358581543e-01
9.496118426322937012e-01 8.290963172912597656e-01
1.359169960021972656e+00 1.365797042846679688e+00
1.869597434997558594e+00 1.411243081092834473e+00
1.443908929824829102e+00 1.523654222488403320e+00
1.257154822349548340e+00 1.155677556991577148e+00
1.403497099876403809e+00 1.423229217529296875e+00
8.143931627273559570e-02 3.349918127059936523e-01
5.003455281257629395e-01 5.596174597740173340e-01
1.396605372428894043e+00 1.480833053588867188e+00
1.402893543243408203e+00 1.630558490753173828e+00
1.279673933982849121e+00 1.290484666824340820e+00
8.547919988632202148e-01 6.677355170249938965e-01
1.691923379898071289e+00 1.527834892272949219e+00
7.736130952835083008e-01 5.441266894340515137e-01
1.301029324531555176e-01 -3.514470458030700684e-01
4.779998064041137695e-01 3.750330805778503418e-01
-7.428435981273651123e-02 1.129594668745994568e-01
9.171060919761657715e-01 1.032736301422119141e+00
7.811094522476196289e-01 5.035382509231567383e-01
8.545233011245727539e-01 9.613815546035766602e-01
2.740783691406250000e-01 1.832189112901687622e-01
8.455515652894973755e-02 2.276048995554447174e-02
9.881065785884857178e-02 -2.582608461380004883e-01
4.048664867877960205e-01 4.762645959854125977e-01
-1.273767113685607910e+00 -1.739619731903076172e+00
7.087207436561584473e-01 6.559648513793945312e-01
7.627725005149841309e-01 6.769900321960449219e-01
7.257103323936462402e-01 6.361566185951232910e-01
-5.100096464157104492e-01 -7.755131721496582031e-01
8.535407185554504395e-01 8.873367309570312500e-01
1.959592401981353760e-01 2.312288433313369751e-01
9.191268086433410645e-01 4.196656346321105957e-01
9.982458353042602539e-01 7.848331332206726074e-01
1.595052480697631836e-01 3.829209208488464355e-01
7.812343239784240723e-01 7.891961932182312012e-01
4.538326859474182129e-01 5.933280587196350098e-01
3.664063215255737305e-01 5.339853167533874512e-01
8.441222906112670898e-01 6.913763880729675293e-01
-5.168339610099792480e-01 -4.515299797058105469e-01
6.871445775032043457e-01 4.266204833984375000e-01
4.738780856132507324e-01 5.329030156135559082e-01
-1.273559331893920898e+00 -1.294639110565185547e+00
1.112198233604431152e+00 4.213851690292358398e-01
1.152596235275268555e+00 1.459966421127319336e+00
8.789445757865905762e-01 1.022402405738830566e+00
7.528825402259826660e-01 7.504652142524719238e-01
9.346811175346374512e-01 9.224639534950256348e-01
1.352738142013549805e+00 1.192669630050659180e+00
8.662899136543273926e-01 8.712515234947204590e-01
1.331261098384857178e-01 1.635254174470901489e-01
3.332099318504333496e-01 2.779878973960876465e-01
5.644366145133972168e-01 6.608222126960754395e-01
-5.392851233482360840e-01 -5.503592491149902344e-01
1.544732451438903809e+00 1.456307411193847656e+00
-5.284449458122253418e-01 -8.701606392860412598e-01
-2.376270890235900879e-01 -2.686513662338256836e-01
8.488934040069580078e-01 8.971523046493530273e-01
3.971580266952514648e-01 -4.033498764038085938e-01
-4.302434027194976807e-01 -6.418424844741821289e-01
1.786820054054260254e+00 1.681968450546264648e+00
9.133847951889038086e-01 1.140321016311645508e+00
-2.825080454349517822e-01 -2.414894551038742065e-01
3.636646270751953125e-01 1.900986433029174805e-01
-2.412291914224624634e-01 -1.417355686426162720e-01
7.506340742111206055e-01 7.089140415191650391e-01
3.824652433395385742e-01 4.656741023063659668e-01
1.258196711540222168e+00 1.165475130081176758e+00
2.380586564540863037e-01 3.790835738182067871e-01
5.302562713623046875e-01 5.456275939941406250e-01
3.208095729351043701e-01 5.079627037048339844e-03
1.687963008880615234e-01 1.830713897943496704e-01
6.543264389038085938e-01 8.970299363136291504e-01
-4.063149541616439819e-02 -1.727921664714813232e-01
9.138495922088623047e-01 8.939483165740966797e-01
-3.300272822380065918e-01 -2.618652582168579102e-01
-3.803702443838119507e-02 1.722136437892913818e-01
-3.634393215179443359e-02 -3.094016313552856445e-01
7.863245010375976562e-01 8.997951149940490723e-01
8.298280239105224609e-01 8.389970660209655762e-01
1.094943881034851074e+00 1.352761745452880859e+00
6.499966979026794434e-01 1.069195151329040527e+00
5.139119029045104980e-01 7.121576666831970215e-01
9.833030700683593750e-01 8.560227751731872559e-01
-8.605521321296691895e-01 -7.707682251930236816e-01
-6.979583948850631714e-02 1.070275530219078064e-01
6.920062899589538574e-01 8.810020089149475098e-01
-8.315318822860717773e-01 -7.512267231941223145e-01
2.811489701271057129e-01 2.552137970924377441e-01
1.698514223098754883e-01 2.272300869226455688e-01
7.836409211158752441e-01 7.753869295120239258e-01
-2.792082428932189941e-01 -3.320841193199157715e-01
1.041751131415367126e-01 6.118149310350418091e-02
1.186836481094360352e+00 8.685179948806762695e-01
-2.332779645919799805e+00 -8.752189278602600098e-01
6.203420087695121765e-02 2.470681518316268921e-01
4.182012677192687988e-01 2.590404152870178223e-01
-2.189008891582489014e-01 -3.160231113433837891e-01
1.226130127906799316e+00 8.092445135116577148e-01
1.712294071912765503e-01 8.517467230558395386e-02
1.177208423614501953e+00 9.133185148239135742e-01
7.291212677955627441e-01 8.740690350532531738e-01
1.550305485725402832e+00 1.710454225540161133e+00
8.346751928329467773e-01 1.038342118263244629e+00
-5.868452191352844238e-01 -4.443076848983764648e-01
5.510463118553161621e-01 4.660190343856811523e-01
9.449740648269653320e-01 8.715876936912536621e-01
1.781100779771804810e-01 3.056285381317138672e-01
1.169832348823547363e-01 -1.233762353658676147e-01
-3.299611434340476990e-02 -2.093754261732101440e-01
-6.480301022529602051e-01 -6.409042477607727051e-01
7.871456146240234375e-01 1.106150150299072266e+00
-9.100364446640014648e-01 -7.994850277900695801e-01
3.671255111694335938e-01 1.500424593687057495e-01
1.263955235481262207e-01 4.398846626281738281e-02
1.154525876045227051e+00 7.472134232521057129e-01
1.175192356109619141e+00 1.155336976051330566e+00
-2.237864211201667786e-02 4.748545587062835693e-02
1.844424247741699219e+00 1.525050282478332520e+00
-6.718289256095886230e-01 -7.823032736778259277e-01
-2.576867640018463135e-01 -7.759771943092346191e-01
3.035182356834411621e-01 3.014751076698303223e-01
-5.829826593399047852e-01 -7.664408087730407715e-01
1.458328723907470703e+00 9.564685821533203125e-01
1.663565188646316528e-01 3.241379857063293457e-01
-3.884680867195129395e-01 -4.130458235740661621e-01
1.265736699104309082e+00 9.676664471626281738e-01
6.103397607803344727e-01 4.524540305137634277e-01
1.628699302673339844e-01 -2.756411433219909668e-01
-5.285370349884033203e-01 -4.512959718704223633e-01
-1.332714259624481201e-01 -2.093754261732101440e-01
6.772412657737731934e-01 8.210365772247314453e-01
4.444723725318908691e-01 1.823057234287261963e-01
1.904598176479339600e-01 -2.454086691141128540e-01
-2.027638554573059082e-01 -3.002347946166992188e-01
7.106715440750122070e-02 1.358377933502197266e-01
1.150876879692077637e-01 -2.328554242849349976e-01
5.609871819615364075e-02 -1.909497007727622986e-02
-2.989659011363983154e-01 -3.725537657737731934e-01
-6.418936848640441895e-01 -7.610909342765808105e-01
3.148071467876434326e-02 7.170297205448150635e-02
9.046481847763061523e-01 9.632149338722229004e-01
4.096865653991699219e-01 4.465109705924987793e-01
2.321933768689632416e-02 -9.636983275413513184e-03
5.765621662139892578e-01 7.503605484962463379e-01
-1.198934912681579590e-01 2.050921507179737091e-02
-2.904847860336303711e-01 -1.376206874847412109e-01
9.634193181991577148e-01 1.224945425987243652e+00
1.329530000686645508e+00 1.347302675247192383e+00
-8.302231431007385254e-01 -8.285795450210571289e-01
8.005005717277526855e-01 1.502544581890106201e-01
1.420507729053497314e-01 1.946381479501724243e-01
-3.008150458335876465e-01 -3.603202104568481445e-01
7.679527401924133301e-01 7.568687796592712402e-01
9.632307291030883789e-01 1.233617782592773438e+00
1.777039491571485996e-03 -7.090846449136734009e-02
-2.098657637834548950e-01 1.891449838876724243e-01
5.212724208831787109e-01 7.090772986412048340e-01
5.459599494934082031e-01 5.346101522445678711e-01
1.632132411003112793e+00 1.025913238525390625e+00
1.041364908218383789e+00 8.328091502189636230e-01
1.273484528064727783e-01 9.912318736314773560e-02
3.787460029125213623e-01 2.169585973024368286e-01
4.041770696640014648e-01 4.353244304656982422e-01
1.435301303863525391e+00 1.446902513504028320e+00
4.339371994137763977e-02 1.497780084609985352e-01
-1.879984140396118164e-01 -1.821252405643463135e-01
8.595479130744934082e-01 8.903155922889709473e-01
9.484305977821350098e-01 1.038796305656433105e+00
1.557944267988204956e-01 2.161173820495605469e-01
9.889346361160278320e-01 9.001561999320983887e-01
1.068129658699035645e+00 1.163890242576599121e+00
3.283750116825103760e-01 4.680114984512329102e-01
4.686562344431877136e-02 3.023327142000198364e-02
2.861095964908599854e-01 3.650326728820800781e-01
7.221636176109313965e-01 7.869506478309631348e-01
9.044428467750549316e-01 6.703841090202331543e-01
7.871558070182800293e-01 5.936995148658752441e-01
1.564003944396972656e+00 1.415708541870117188e+00
4.672938883304595947e-01 2.781834602355957031e-01
1.025652647018432617e+00 5.315734744071960449e-01
2.901937663555145264e-01 3.541814088821411133e-01
4.449657201766967773e-01 3.530545234680175781e-01
2.779822349548339844e-01 3.530545234680175781e-01
1.466869950294494629e+00 1.367077231407165527e+00
5.398762822151184082e-01 5.519775748252868652e-01
-1.892166733741760254e-01 -4.664956927299499512e-01
2.358006536960601807e-01 5.049076676368713379e-01
3.211790919303894043e-01 4.071931838989257812e-01
1.582633107900619507e-01 2.469267398118972778e-01
-1.348044991493225098e+00 -1.427591204643249512e+00
5.651567578315734863e-01 7.236152291297912598e-01
8.271516561508178711e-01 7.595300078392028809e-01
-1.272769570350646973e+00 -1.600570678710937500e+00
-2.672594547271728516e+00 -2.024553775787353516e+00
-2.567846298217773438e+00 -2.024354696273803711e+00
1.744124591350555420e-01 1.810743510723114014e-01
-1.558608889579772949e+00 -1.364585280418395996e+00
-2.378760814666748047e+00 -2.336894750595092773e+00
-8.103178739547729492e-01 -6.743153333663940430e-01
-2.670092105865478516e+00 -2.761197805404663086e+00
2.249078005552291870e-01 3.345443606376647949e-01
2.294330596923828125e-01 2.204070240259170532e-01
-2.314417958259582520e-01 -2.851924300193786621e-01
2.296276092529296875e-01 2.348153889179229736e-01
5.630175471305847168e-01 5.939507484436035156e-01
1.415438055992126465e+00 1.441389560699462891e+00
6.129463315010070801e-01 6.275071501731872559e-01
-2.135454118251800537e-02 2.559854984283447266e-01
-3.396347910165786743e-02 4.714935123920440674e-01
7.383972406387329102e-01 7.161501646041870117e-01
1.080175876617431641e+00 8.042532205581665039e-01
1.253056764602661133e+00 1.398133158683776855e+00
2.639973759651184082e-01 6.033254265785217285e-01
1.141720771789550781e+00 8.052269220352172852e-01
-2.817163169384002686e-01 -1.635190993547439575e-01
8.994113206863403320e-01 1.043986797332763672e+00
1.364006519317626953e+00 1.354175329208374023e+00
1.435694932937622070e+00 1.350973367691040039e+00
5.792825818061828613e-01 4.207945764064788818e-01
9.655537456274032593e-02 1.871974915266036987e-01
5.666449666023254395e-01 6.564272642135620117e-01
8.786584138870239258e-01 8.094306588172912598e-01
8.869045972824096680e-01 1.090538740158081055e+00
6.483954191207885742e-01 6.119889020919799805e-01
1.647118449211120605e+00 1.636600017547607422e+00
1.435524702072143555e+00 1.413304686546325684e+00
1.555191993713378906e+00 1.417962074279785156e+00
-7.510010004043579102e-01 -4.386426210403442383e-01
1.194534659385681152e+00 1.055731296539306641e+00
1.516145706176757812e+00 1.442536592483520508e+00
1.248756408691406250e+00 8.867702484130859375e-01
5.169848799705505371e-01 6.286976337432861328e-01
3.094524741172790527e-01 4.660439491271972656e-01
1.087699890136718750e+00 9.575083851814270020e-01
8.758185505867004395e-01 7.607561945915222168e-01
1.518621206283569336e+00 1.631209611892700195e+00
8.570795655250549316e-01 8.772116899490356445e-01
2.734210789203643799e-01 5.358167290687561035e-01
1.587448000907897949e+00 1.063643455505371094e+00
3.984631001949310303e-01 5.075634121894836426e-01
3.221597969532012939e-01 3.691805005073547363e-01
5.511597990989685059e-01 5.400806665420532227e-01
1.043568849563598633e-01 3.246860802173614502e-01
4.858585894107818604e-01 5.022582411766052246e-01
8.086453080177307129e-01 6.849197745323181152e-01
7.007520198822021484e-01 7.328042984008789062e-01
7.089429497718811035e-01 6.668446063995361328e-01
1.831013202667236328e+00 1.842662096023559570e+00
3.459953367710113525e-01 3.296143114566802979e-01
1.964544951915740967e-01 3.632863759994506836e-01
1.429007202386856079e-01 3.897378146648406982e-01
7.093589901924133301e-01 9.245285987854003906e-01
6.892229914665222168e-01 9.507403373718261719e-01
5.780223011970520020e-01 6.415828466415405273e-01
7.689984440803527832e-01 7.869602441787719727e-01
5.100628137588500977e-01 5.293927788734436035e-01
-2.130750179290771484e+00 -2.182359933853149414e+00
1.787493467330932617e+00 1.309775114059448242e+00
8.779084682464599609e-01 9.327397346496582031e-01
6.029031872749328613e-01 6.945582628250122070e-01
1.626984924077987671e-01 2.849183976650238037e-01
-4.020434319972991943e-01 2.173811644315719604e-01
-4.982370436191558838e-01 -7.674930095672607422e-01
-2.044962719082832336e-02 -1.740335375070571899e-01
-1.426798939704895020e+00 -8.100357055664062500e-01
1.684932589530944824e+00 1.903485774993896484e+00
-3.812917470932006836e-01 -5.784057378768920898e-01
-4.613457620143890381e-01 -6.480081081390380859e-01
-6.820570230484008789e-01 -6.480081081390380859e-01
7.683451175689697266e-01 7.854583263397216797e-01
-2.280914038419723511e-01 -1.449717730283737183e-01
-4.616895616054534912e-01 -4.662133753299713135e-01
-5.072870254516601562e-01 -4.727214872837066650e-01
2.959929108619689941e-01 3.080019056797027588e-01
1.258703321218490601e-01 4.195661544799804688e-01
2.477135211229324341e-01 1.931048035621643066e-01
-3.187134563922882080e-01 -2.383008450269699097e-01
3.283739089965820312e-01 2.814133465290069580e-01
7.865573167800903320e-01 5.104395747184753418e-01
8.327161073684692383e-01 7.480437755584716797e-01
4.491528570652008057e-01 5.900673866271972656e-01
8.294771313667297363e-01 5.920695066452026367e-01
4.674110412597656250e-01 4.696778059005737305e-01
6.088927984237670898e-01 4.816947281360626221e-01
2.548352777957916260e-01 2.900230586528778076e-01
2.500912547111511230e-01 3.328521549701690674e-01
3.776817768812179565e-02 1.024132445454597473e-01
-3.243621587753295898e-01 -4.415180087089538574e-01
2.322820186614990234e+00 2.079106569290161133e+00
2.272267490625381470e-01 1.748204678297042847e-01
3.184092342853546143e-01 1.222156807780265808e-01
-2.863956093788146973e-01 -2.781989574432373047e-01
3.099635243415832520e-01 4.627407491207122803e-01
1.037538647651672363e+00 7.343087196350097656e-01
1.602013587951660156e+00 1.222835063934326172e+00
-1.905460804700851440e-01 -2.096399515867233276e-01
-3.286972045898437500e-01 -3.219139873981475830e-01
1.916007883846759796e-02 -2.647995948791503906e-02
7.205722928047180176e-01 7.718445062637329102e-01
1.559916496276855469e+00 1.188097476959228516e+00
1.336622357368469238e+00 1.037416219711303711e+00
7.022983431816101074e-01 8.243795037269592285e-01
6.951864957809448242e-01 7.425351738929748535e-01
1.062707901000976562e+00 8.403762578964233398e-01
1.003050565719604492e+00 4.639329612255096436e-01
8.323257565498352051e-01 8.495419025421142578e-01
4.334650933742523193e-01 4.597967267036437988e-01
3.937028646469116211e-01 4.452774822711944580e-01
1.002783298492431641e+00 7.789024710655212402e-01
1.515758395195007324e+00 1.023488044738769531e+00
-5.459147971123456955e-03 3.055944666266441345e-02
6.929972171783447266e-01 7.468963265419006348e-01
1.029491424560546875e+00 8.244568705558776855e-01
3.209564983844757080e-01 2.645131945610046387e-01
7.544422745704650879e-01 8.328226804733276367e-01
1.170404791831970215e+00 1.078523397445678711e+00
1.333142817020416260e-01 2.733919322490692139e-01
1.515340566635131836e+00 1.256938695907592773e+00
5.014633536338806152e-01 9.472706317901611328e-01
5.652410984039306641e-01 5.088949203491210938e-01
3.607953190803527832e-01 2.891745567321777344e-01
2.438661158084869385e-01 4.517153799533843994e-01
2.627570629119873047e-01 3.131913840770721436e-01
5.074989795684814453e-01 5.213744640350341797e-01
-1.198015332221984863e+00 -9.340198040008544922e-01
1.561921834945678711e+00 1.108503580093383789e+00
-1.004000186920166016e+00 -9.705759286880493164e-01
-1.461044549942016602e-01 4.593727365136146545e-02
2.013918608427047729e-01 1.784276813268661499e-01
6.936779022216796875e-01 8.538676500320434570e-01
-1.268856525421142578e+00 -1.160257339477539062e+00
9.757273197174072266e-01 7.851533293724060059e-01
-2.836239933967590332e-01 -5.150739550590515137e-01
-4.962511360645294189e-01 -4.524256289005279541e-01
-4.659639298915863037e-01 -7.302275300025939941e-01
6.723218560218811035e-01 1.933680325746536255e-01
1.090107083320617676e+00 9.164749383926391602e-01
-3.452932834625244141e-01 -5.355099439620971680e-01
1.422201514244079590e+00 1.691948652267456055e+00
1.664528548717498779e-01 1.331776827573776245e-01
5.478712916374206543e-02 -3.291406854987144470e-02
1.152515038847923279e-01 2.120623737573623657e-02
-2.000979632139205933e-01 -1.339823901653289795e-01
-1.070793792605400085e-01 6.718482077121734619e-02
2.521595954895019531e-01 3.144890964031219482e-01
3.968479633331298828e-01 5.408095121383666992e-01
1.408285260200500488e+00 1.771863937377929688e+00
-1.189081668853759766e-01 7.995717227458953857e-02
2.245263010263442993e-01 3.026331961154937744e-01
9.989945292472839355e-01 1.315132498741149902e+00
8.186506628990173340e-01 3.256801664829254150e-01
-3.482921048998832703e-02 5.832808464765548706e-02
4.290214926004409790e-02 2.927389740943908691e-02
-2.537216618657112122e-02 -4.866597056388854980e-02
3.502756953239440918e-01 4.290810227394104004e-01
2.506548166275024414e-01 3.284930884838104248e-01
1.058569103479385376e-01 -2.911468967795372009e-02
3.979432284832000732e-01 3.853066563606262207e-01
-7.338161766529083252e-02 2.367052063345909119e-02
6.978170275688171387e-01 6.972944736480712891e-01
1.016745448112487793e+00 1.027098655700683594e+00
1.682361513376235962e-01 1.717150360345840454e-01
3.160138428211212158e-01 4.554078876972198486e-01
1.757067590951919556e-01 1.380088925361633301e-01
1.714647650718688965e+00 1.787669420242309570e+00
-6.311834454536437988e-01 -2.691470682621002197e-01
-2.795534431934356689e-01 -3.563739955425262451e-01
2.745479047298431396e-01 3.416367173194885254e-01
-1.874329596757888794e-01 -7.397787272930145264e-02
-6.383843421936035156e-01 -2.689527273178100586e-01
1.536401063203811646e-01 3.036344647407531738e-01
7.342462539672851562e-01 4.588593244552612305e-01
2.830887436866760254e-01 4.275516867637634277e-01
2.882108688354492188e-01 2.645935118198394775e-01
3.273962140083312988e-01 3.637772500514984131e-01
1.592406630516052246e+00 1.146792173385620117e+00
8.217523694038391113e-01 9.163022041320800781e-01
6.967168450355529785e-01 9.147096872329711914e-01
1.602158695459365845e-01 9.133438020944595337e-02
6.481721997261047363e-01 4.506835341453552246e-01
6.770333647727966309e-01 7.723039984703063965e-01
8.982511758804321289e-01 8.253968358039855957e-01
1.580887585878372192e-01 1.661052852869033813e-01
3.504932224750518799e-01 4.261335432529449463e-01
1.047976493835449219e+00 1.058638811111450195e+00
2.266470193862915039e-01 1.586810797452926636e-01
-2.508890174794942141e-04 1.152372211217880249e-01
5.803842544555664062e-01 5.775663852691650391e-01
-3.643468320369720459e-01 -2.455525845289230347e-01
2.533158063888549805e-01 1.607344001531600952e-01
-8.604238973930478096e-04 6.546461582183837891e-02
6.083950996398925781e-01 6.890068054199218750e-01
-3.775236606597900391e-01 -5.734655857086181641e-01
3.086528778076171875e-01 3.345316350460052490e-01
7.739017009735107422e-01 1.045876502990722656e+00
8.816078901290893555e-01 8.322337269783020020e-01
1.919074773788452148e+00 1.905616760253906250e+00
3.669676780700683594e-01 3.595406115055084229e-01
7.582088708877563477e-01 6.353244781494140625e-01
3.849659860134124756e-01 3.506393730640411377e-01
2.299674786627292633e-02 2.221734449267387390e-02
8.362847566604614258e-02 1.531700417399406433e-02
2.211648821830749512e-01 1.406202316284179688e-01
1.592214822769165039e+00 1.505335450172424316e+00
2.232822418212890625e+00 1.844283699989318848e+00
4.312098324298858643e-01 5.094743967056274414e-01
1.676119267940521240e-01 4.338225722312927246e-01
1.093312740325927734e+00 6.307711601257324219e-01
1.297370791435241699e-01 3.133129477500915527e-01
4.147085547447204590e-01 3.291468322277069092e-01
9.526871442794799805e-01 8.498471975326538086e-01
8.850572109222412109e-01 8.491429090499877930e-01
7.500778436660766602e-01 4.098485410213470459e-01
-2.446294546127319336e+00 -2.368300676345825195e+00
7.235814332962036133e-01 7.723039984703063965e-01
7.132171988487243652e-01 6.914242506027221680e-01
-1.290484189987182617e+00 -1.191363573074340820e+00
-2.734053134918212891e+00 -2.887935876846313477e+00
-1.800070881843566895e+00 -1.968529939651489258e+00
-1.819625258445739746e+00 -1.968466162681579590e+00
-7.638852000236511230e-01 -5.150990486145019531e-01
2.482208758592605591e-01 2.170117199420928955e-01
2.145454287528991699e-02 -2.602086588740348816e-02
