1.169710874557495117e+00 1.250531315803527832e+00
-1.464761644601821899e-01 -1.776635646820068359e-01
-3.067808747291564941e-01 -3.222145438194274902e-01
-9.744740724563598633e-01 -1.057679533958435059e+00
-7.793577313423156738e-01 -8.492998480796813965e-01
-1.341836899518966675e-01 -2.970955073833465576e-01
-4.495792686939239502e-01 -4.039351046085357666e-01
-1.124719858169555664e+00 -1.154321670532226562e+00
-2.826034128665924072e-01 -2.905947864055633545e-01
-6.839200258255004883e-01 -6.328042149543762207e-01
-2.335876822471618652e-01 -1.938439309597015381e-01
-1.091705918312072754e+00 -1.082578897476196289e+00
-7.877531051635742188e-01 -8.183946609497070312e-01
-2.201988697052001953e-01 -1.472489535808563232e-01
-6.211508512496948242e-01 -5.255521535873413086e-01
9.222460389137268066e-01 8.128044009208679199e-01
-9.904755949974060059e-01 -9.345983862876892090e-01
-6.242406964302062988e-01 -6.700903773307800293e-01
-3.174543976783752441e-01 -3.142254650592803955e-01
-9.611950516700744629e-01 -1.036456584930419922e+00
8.904157876968383789e-01 7.810353040695190430e-01
-1.972821205854415894e-01 -3.317292034626007080e-01
-5.819516181945800781e-01 -6.305497288703918457e-01
-3.904274404048919678e-01 -5.320268273353576660e-01
-7.348062992095947266e-01 -7.461470961570739746e-01
8.622815608978271484e-01 8.237922787666320801e-01
-1.928276270627975464e-01 -2.109690755605697632e-01
3.816584348678588867e-01 3.661426603794097900e-01
-1.441884934902191162e-01 -1.423737257719039917e-01
4.126587212085723877e-01 3.504856824874877930e-01
-2.276462167501449585e-01 -2.342810928821563721e-01
-5.157668590545654297e-01 -5.901998281478881836e-01
-3.469573855400085449e-01 -4.846366345882415771e-01
-5.917001366615295410e-01 -6.675543189048767090e-01
-9.960488677024841309e-01 -1.069181680679321289e+00
6.155078765004873276e-03 4.984563961625099182e-02
9.269111752510070801e-01 8.212388157844543457e-01
6.536440849304199219e-01 6.884158253669738770e-01
-9.615019708871841431e-02 -8.786243200302124023e-02
-1.647921395488083363e-03 -5.154033377766609192e-02
-5.032448768615722656e-01 -5.316637754440307617e-01
7.341375350952148438e-01 7.831059098243713379e-01
4.535652101039886475e-01 4.773491024971008301e-01
2.429994195699691772e-01 2.902547419071197510e-01
7.394952327013015747e-02 8.234452456235885620e-02
-6.594310402870178223e-01 -6.825943589210510254e-01
-1.081078350543975830e-01 -2.069129198789596558e-01
5.342375636100769043e-01 4.988286197185516357e-01
5.458272695541381836e-01 5.299735665321350098e-01
-4.934123158454895020e-01 -5.372379422187805176e-01
-7.985171079635620117e-01 -8.164564967155456543e-01
-5.425541996955871582e-01 -4.851678013801574707e-01
-4.939034879207611084e-01 -5.174676775932312012e-01
8.157414942979812622e-02 4.985686764121055603e-02
-2.488992661237716675e-01 -2.120094597339630127e-01
-6.922593712806701660e-01 -6.792600750923156738e-01
-6.590037941932678223e-01 -7.342134118080139160e-01
2.110701352357864380e-01 2.612625658512115479e-01
8.473756909370422363e-01 7.735914587974548340e-01
-8.865168094635009766e-01 -8.947460055351257324e-01
4.804033637046813965e-01 4.351840019226074219e-01
-4.591538608074188232e-01 -4.924272596836090088e-01
-7.571401596069335938e-01 -7.753389477729797363e-01
8.996726870536804199e-01 9.620437622070312500e-01
-9.812637567520141602e-01 -9.809072613716125488e-01
-5.820675492286682129e-01 -6.160758137702941895e-01
-5.935819149017333984e-01 -5.815716385841369629e-01
7.396841645240783691e-01 7.425286769866943359e-01
-1.353486031293869019e-01 -1.418604403734207153e-01
1.000928759574890137e+00 1.024549126625061035e+00
9.762737154960632324e-01 9.575980901718139648e-01
-7.309845685958862305e-01 -7.031474113464355469e-01
-7.815581560134887695e-01 -8.104596734046936035e-01
-8.045950531959533691e-01 -6.976434588432312012e-01
-9.520610421895980835e-02 -9.384505450725555420e-02
-1.400357633829116821e-01 -1.963542699813842773e-01
-8.420546650886535645e-01 -8.169056177139282227e-01
1.451081037521362305e-01 1.724792122840881348e-01
5.278978347778320312e-01 5.508658885955810547e-01
5.607442855834960938e-01 5.949651002883911133e-01
8.228272199630737305e-01 7.760599851608276367e-01
2.882413566112518311e-01 2.639712095260620117e-01
-9.408730268478393555e-02 -1.311916559934616089e-01
3.650841116905212402e-01 4.162114560604095459e-01
-1.665961146354675293e-01 -1.419549882411956787e-01
-3.615346550941467285e-01 -3.887135684490203857e-01
1.469218879938125610e-01 1.252273172140121460e-01
-1.156439781188964844e+00 -1.151319503784179688e+00
-5.214272439479827881e-02 -1.079740971326828003e-01
-6.357495188713073730e-01 -7.181937098503112793e-01
4.978298246860504150e-01 5.251865983009338379e-01
1.442301273345947266e-01 1.878022104501724243e-01
9.946843981742858887e-01 8.638222813606262207e-01
-5.391322374343872070e-01 -5.275018215179443359e-01
-1.097057461738586426e+00 -1.046373486518859863e+00
8.835781216621398926e-01 9.667938351631164551e-01
-3.274339139461517334e-01 -3.020460903644561768e-01
6.978733539581298828e-01 7.007772922515869141e-01
5.976780652999877930e-01 6.027414202690124512e-01
6.721565872430801392e-02 3.170463722199201584e-03
8.397198915481567383e-01 8.071077466011047363e-01
1.521661877632141113e-01 1.628801226615905762e-01
-6.981054544448852539e-01 -7.413211464881896973e-01
2.874319553375244141e-01 4.291042089462280273e-01
-9.366408586502075195e-01 -9.366133213043212891e-01
3.162851333618164062e-01 2.565918266773223877e-01
-6.047410368919372559e-01 -6.046462059020996094e-01
-5.125264171510934830e-03 -9.084407985210418701e-02
-7.923992872238159180e-01 -8.034452795982360840e-01
-6.018371582031250000e-01 -5.942540764808654785e-01
-9.973426461219787598e-01 -1.023585796356201172e+00
5.662661790847778320e-02 1.219089180231094360e-01
-6.493493169546127319e-02 -1.105838418006896973e-01
-1.902659386396408081e-01 -2.348157018423080444e-01
-4.220013618469238281e-01 -5.350281596183776855e-01
7.374540567398071289e-01 7.606133222579956055e-01
-2.381314486265182495e-01 -2.948510944843292236e-01
-7.613607645034790039e-01 -8.498905301094055176e-01
7.733635902404785156e-01 7.903121113777160645e-01
-9.366599321365356445e-01 -8.632177710533142090e-01
-1.095249056816101074e+00 -1.012822866439819336e+00
-1.598482429981231689e-01 -1.307476758956909180e-01
-2.581599652767181396e-01 -2.677319943904876709e-01
-9.002350568771362305e-01 -8.661145567893981934e-01
-9.889689087867736816e-01 -9.563937783241271973e-01
1.150444030761718750e+00 1.112429857254028320e+00
-2.350433617830276489e-01 -3.243366181850433350e-01
7.058898210525512695e-01 7.267408967018127441e-01
-4.119789898395538330e-01 -3.948189914226531982e-01
-7.977060675621032715e-01 -7.510520815849304199e-01
2.684253267943859100e-02 5.397045984864234924e-03
-1.007248520851135254e+00 -1.032511949539184570e+00
-5.084379315376281738e-01 -5.111891031265258789e-01
-7.987438887357711792e-02 -7.933264970779418945e-02
8.749806880950927734e-02 8.146765083074569702e-02
-3.094338476657867432e-01 -3.614255487918853760e-01
-2.674191892147064209e-01 -3.710790574550628662e-01
-7.690609097480773926e-01 -8.122922778129577637e-01
-3.260548412799835205e-01 -3.317112624645233154e-01
1.178239464759826660e+00 1.180837035179138184e+00
-2.480652332305908203e-01 -2.796560227870941162e-01
1.605135649442672729e-01 1.454954892396926880e-01
3.224031925201416016e-01 3.322778642177581787e-01
-6.569671630859375000e-01 -5.882267355918884277e-01
-2.749579846858978271e-01 -3.316120803356170654e-01
1.353338122367858887e+00 1.272869110107421875e+00
-5.389437675476074219e-01 -6.240293383598327637e-01
9.479023218154907227e-01 8.882575035095214844e-01
-4.789350628852844238e-01 -4.685617387294769287e-01
2.941367030143737793e-01 3.204466998577117920e-01
3.647650778293609619e-01 3.281712234020233154e-01
-7.114254236221313477e-01 -7.685318589210510254e-01
-4.392122924327850342e-01 -4.643001258373260498e-01
-6.930906772613525391e-01 -7.682651877403259277e-01
2.942592799663543701e-01 2.741965949535369873e-01
4.589218795299530029e-01 5.033235549926757812e-01
-4.325411319732666016e-01 -5.123842358589172363e-01
-1.557092517614364624e-01 -1.677431762218475342e-01
7.004200816154479980e-01 7.581734061241149902e-01
-6.189176440238952637e-01 -6.861361861228942871e-01
3.971026539802551270e-01 3.671100437641143799e-01
3.787702322006225586e-01 4.224019348621368408e-01
8.867172002792358398e-01 8.975663185119628906e-01
-2.779518961906433105e-01 -2.589558064937591553e-01
-1.542029678821563721e-01 -1.423309147357940674e-01
-5.095173716545104980e-01 -3.950208723545074463e-01
-6.459062695503234863e-01 -7.014166116714477539e-01
-4.695744812488555908e-01 -5.292176604270935059e-01
3.296799361705780029e-01 3.273398578166961670e-01
-3.358694314956665039e-01 -3.157022595405578613e-01
-4.834850728511810303e-01 -5.268752574920654297e-01
-4.572490751743316650e-01 -4.589637219905853271e-01
1.103811025619506836e+00 1.106014847755432129e+00
-1.107886552810668945e+00 -1.118176341056823730e+00
8.303315639495849609e-01 8.417748212814331055e-01
-3.840146660804748535e-01 -4.011924862861633301e-01
-8.067808300256729126e-02 -9.997119754552841187e-02
-1.336544305086135864e-01 -2.126827389001846313e-01
-6.559904217720031738e-01 -7.367198467254638672e-01
3.515584170818328857e-01 3.733136951923370361e-01
-2.131141126155853271e-01 -3.292418718338012695e-01
-7.273560762405395508e-01 -8.143213987350463867e-01
-1.061440348625183105e+00 -1.070965528488159180e+00
7.701293826103210449e-01 7.449592947959899902e-01
5.745751783251762390e-02 6.401254981756210327e-02
1.538847237825393677e-01 1.438199430704116821e-01
4.408445656299591064e-01 4.212649166584014893e-01
6.960582137107849121e-01 7.158684730529785156e-01
4.597029983997344971e-01 4.920175671577453613e-01
2.358158975839614868e-01 2.410129308700561523e-01
-8.633369207382202148e-02 -2.550777792930603027e-01
-5.579413771629333496e-01 -5.264294147491455078e-01
6.948066353797912598e-01 7.008613944053649902e-01
1.358981430530548096e-01 2.079417407512664795e-01
-9.867421984672546387e-01 -9.301471710205078125e-01
8.758254647254943848e-01 7.903919219970703125e-01
-1.509220898151397705e-01 -1.957477331161499023e-01
-6.618977189064025879e-01 -5.863980650901794434e-01
1.548464775085449219e+00 1.616620540618896484e+00
1.027826189994812012e+00 9.948995113372802734e-01
-1.663228273391723633e+00 -6.455556750297546387e-01
9.708563089370727539e-01 9.999629855155944824e-01
4.581315517425537109e-01 4.479979574680328369e-01
-2.763929665088653564e-01 -3.247137665748596191e-01
-5.776209235191345215e-01 -5.931133031845092773e-01
1.784376949071884155e-01 1.574075669050216675e-01
-4.050701558589935303e-01 -3.864971399307250977e-01
-6.626351475715637207e-01 -6.660747528076171875e-01
3.179552257061004639e-01 3.072539865970611572e-01
-4.668167233467102051e-02 -1.643541152589023113e-03
-3.568325340747833252e-01 -4.009372293949127197e-01
-9.765232205390930176e-01 -1.047106862068176270e+00
1.222855925559997559e+00 1.184331417083740234e+00
-1.190190196037292480e+00 -1.131880283355712891e+00
9.338001608848571777e-01 9.692757129669189453e-01
-4.001198709011077881e-01 -4.393315017223358154e-01
4.830322563648223877e-01 5.244885683059692383e-01
-1.538803800940513611e-02 -2.360968291759490967e-02
-1.979985982179641724e-01 -1.934413313865661621e-01
-9.829437732696533203e-01 -9.724203944206237793e-01
-9.759973883628845215e-01 -1.024307727813720703e+00
3.776141405105590820e-01 3.705847561359405518e-01
9.090977907180786133e-01 9.710791707038879395e-01
-9.814602136611938477e-01 -9.623904824256896973e-01
-1.020565271377563477e+00 -1.029851913452148438e+00
1.797550022602081299e-01 1.278520524501800537e-01
-1.045562028884887695e+00 -1.027165651321411133e+00
-7.488411068916320801e-01 -7.595738768577575684e-01
-2.251415550708770752e-01 -2.709323465824127197e-01
-7.885401844978332520e-01 -8.243104815483093262e-01
-2.861415743827819824e-01 -2.838386595249176025e-01
-2.312524020671844482e-01 -2.372709214687347412e-01
3.600747585296630859e-01 3.619621098041534424e-01
-7.099681496620178223e-01 -7.317542433738708496e-01
-1.804495751857757568e-01 -1.757830828428268433e-01
-9.388271570205688477e-01 -1.004877686500549316e+00
-1.239709854125976562e-01 -1.069339141249656677e-01
3.328186273574829102e-01 3.721249401569366455e-01
5.047670751810073853e-02 4.649655520915985107e-02
-4.518516957759857178e-01 -5.169798731803894043e-01
-4.263958632946014404e-01 -3.208540678024291992e-01
1.224939942359924316e+00 1.139836192131042480e+00
-3.714170157909393311e-01 -4.580766260623931885e-01
8.475898504257202148e-01 7.950494885444641113e-01
-7.316226959228515625e-01 -7.626139521598815918e-01
2.175454981625080109e-02 1.052452437579631805e-02
-1.482798606157302856e-01 -1.684803515672683716e-01
2.117445617914199829e-01 2.475551962852478027e-01
-5.267266929149627686e-02 -4.576940834522247314e-02
-1.510476693511009216e-02 -8.338127285242080688e-03
-9.725415110588073730e-01 -1.001891374588012695e+00
-2.222315669059753418e-01 -2.669160664081573486e-01
-4.274410307407379150e-01 -3.789879679679870605e-01
-8.681775927543640137e-01 -8.745241761207580566e-01
-3.699799776077270508e-01 -4.181601703166961670e-01
8.319529294967651367e-01 8.301432132720947266e-01
8.554022312164306641e-01 9.465267062187194824e-01
1.066618189215660095e-01 9.625753760337829590e-02
5.788541864603757858e-03 2.591377124190330505e-02
-6.904830336570739746e-01 -7.020661234855651855e-01
-5.753771066665649414e-01 -5.309014916419982910e-01
1.704322397708892822e-01 1.844681948423385620e-01
-2.554468512535095215e-01 -3.262982070446014404e-01
3.641902208328247070e-01 3.331409096717834473e-01
7.620229721069335938e-01 7.151101827621459961e-01
9.584482312202453613e-01 1.002030968666076660e+00
-2.947735786437988281e-01 -3.314074575901031494e-01
-9.766737371683120728e-02 -8.980308659374713898e-03
-2.357101738452911377e-01 -2.375411689281463623e-01
-1.077014923095703125e+00 -9.925962090492248535e-01
-4.819174110889434814e-01 -4.956510365009307861e-01
-9.765802621841430664e-01 -1.035234928131103516e+00
3.976981937885284424e-01 4.113211631774902344e-01
-1.845288276672363281e-01 -2.169142961502075195e-01
5.582977533340454102e-01 5.495961904525756836e-01
-1.083444118499755859e+00 -1.099066495895385742e+00
-3.669187128543853760e-01 -3.573740720748901367e-01
4.697065800428390503e-02 3.930195793509483337e-02
5.614006519317626953e-01 6.156291365623474121e-01
2.894888520240783691e-01 2.835641801357269287e-01
8.598326444625854492e-01 8.549613356590270996e-01
8.307319879531860352e-01 8.227539658546447754e-01
-3.317295014858245850e-01 -2.760019600391387939e-01
1.481918454170227051e+00 1.529788970947265625e+00
-6.367160677909851074e-01 -6.116495728492736816e-01
5.775600075721740723e-01 5.790111422538757324e-01
-8.328944444656372070e-01 -8.202156424522399902e-01
-6.188657879829406738e-01 -6.372956633567810059e-01
-2.803648710250854492e-01 -2.441685646772384644e-01
-5.599120259284973145e-01 -5.505554080009460449e-01
5.529278516769409180e-01 6.662021875381469727e-01
-4.568587243556976318e-02 -9.575408697128295898e-02
1.123545765876770020e-01 6.664049625396728516e-02
7.330372929573059082e-01 7.015128731727600098e-01
-5.872136354446411133e-01 -6.068136692047119141e-01
-3.464833796024322510e-01 -3.097747266292572021e-01
4.639421105384826660e-01 5.376157760620117188e-01
-3.043910264968872070e-01 -3.626951277256011963e-01
-4.959899187088012695e-01 -5.234959721565246582e-01
-7.744407653808593750e-01 -7.339554429054260254e-01
6.268006563186645508e-02 8.877243101596832275e-02
-2.124828100204467773e-01 -2.419001460075378418e-01
-6.377424597740173340e-01 -6.701973080635070801e-01
6.908227205276489258e-01 7.190219163894653320e-01
-3.876823484897613525e-01 -4.388169348239898682e-01
-5.402051806449890137e-01 -5.724884867668151855e-01
7.610821127891540527e-01 7.190219163894653320e-01
8.620600700378417969e-01 8.617057204246520996e-01
-8.022590875625610352e-01 -8.418787717819213867e-01
-1.044324994087219238e+00 -1.108529090881347656e+00
-3.066649436950683594e-01 -2.967879772186279297e-01
-5.802850723266601562e-01 -5.216571092605590820e-01
-9.757646918296813965e-01 -9.942559599876403809e-01
-5.850383639335632324e-01 -6.267128586769104004e-01
-3.304625153541564941e-01 -3.136292397975921631e-01
3.266522586345672607e-01 3.559502959251403809e-01
3.644420579075813293e-02 8.200467377901077271e-02
4.903824627399444580e-01 4.582700133323669434e-01
5.580612421035766602e-01 5.235239267349243164e-01
-9.170743823051452637e-01 -9.724203944206237793e-01
-5.173599720001220703e-01 -5.245081782341003418e-01
8.212078809738159180e-01 8.025819659233093262e-01
6.376636624336242676e-01 6.541815996170043945e-01
1.661811351776123047e+00 1.674662351608276367e+00
7.249847054481506348e-02 7.916830480098724365e-02
-6.004728078842163086e-01 -5.293981432914733887e-01
-2.540024816989898682e-01 -2.374036908149719238e-01
6.509305834770202637e-01 6.493727564811706543e-01
-1.061277627944946289e+00 -1.100185871124267578e+00
8.994755744934082031e-01 8.276051878929138184e-01
-1.038722872734069824e+00 -1.014027476310729980e+00
-1.156313419342041016e+00 -1.132949113845825195e+00
-3.658332526683807373e-01 -2.856819331645965576e-01
-6.098295450210571289e-01 -6.015839576721191406e-01
6.024589538574218750e-01 5.465930104255676270e-01
-3.612856864929199219e-01 -3.500342667102813721e-01
-1.257974058389663696e-01 -1.354172676801681519e-01
-4.187832027673721313e-02 -1.092855185270309448e-01
-7.790389060974121094e-01 -7.384101748466491699e-01
-2.605141699314117432e-01 -4.889843761920928955e-01
-2.649626880884170532e-02 5.752868577837944031e-02
2.813034057617187500e-01 2.610433101654052734e-01
-7.527114748954772949e-01 -8.162277936935424805e-01
8.103090524673461914e-01 9.239079952239990234e-01
-8.593073487281799316e-01 -9.047365784645080566e-01
-9.540719389915466309e-01 -9.965792298316955566e-01
2.662994563579559326e-01 2.009001225233078003e-01
-5.924003720283508301e-01 -5.551847219467163086e-01
-8.821144104003906250e-01 -8.964604735374450684e-01
-6.664582490921020508e-01 -6.714270710945129395e-01
-1.591144800186157227e-01 -1.884053200483322144e-01
-7.622166872024536133e-01 -8.404774069786071777e-01
-1.702774167060852051e-01 -9.234765172004699707e-02
-2.274236232042312622e-01 -2.795131504535675049e-01
4.864973723888397217e-01 4.990134537220001221e-01
-3.477080166339874268e-01 -3.558884561061859131e-01
-8.313304781913757324e-01 -8.170443773269653320e-01
-4.858572185039520264e-01 -4.788587987422943115e-01
-9.112639427185058594e-01 -9.182001948356628418e-01
-7.553742527961730957e-01 -7.714247107505798340e-01
3.414484439417719841e-03 -3.321908786892890930e-02
-2.317521423101425171e-01 -2.449831813573837280e-01
-3.709064126014709473e-01 -4.139824807643890381e-01
1.169423818588256836e+00 1.080031037330627441e+00
9.100278615951538086e-01 8.106912970542907715e-01
-2.545759677886962891e-01 -3.084792196750640869e-01
1.250937283039093018e-01 1.437710076570510864e-01
-5.191985368728637695e-01 -5.610486268997192383e-01
6.001172661781311035e-01 6.359336376190185547e-01
1.254717230796813965e+00 1.204532504081726074e+00
6.185345053672790527e-01 6.832766532897949219e-01
7.504823207855224609e-01 8.085762858390808105e-01
1.714847832918167114e-01 1.836442798376083374e-01
1.352422595024108887e+00 1.337301373481750488e+00
5.849059820175170898e-01 6.403450369834899902e-01
-8.968276381492614746e-01 -9.492118954658508301e-01
9.102879762649536133e-01 9.499253034591674805e-01
-6.467412710189819336e-01 -6.424690485000610352e-01
-7.173125147819519043e-01 -5.781911015510559082e-01
-1.119662642478942871e+00 -1.124949455261230469e+00
-5.076622366905212402e-01 -4.465642869472503662e-01
-5.188031196594238281e-01 -4.484041631221771240e-01
-1.094180464744567871e+00 -1.127894997596740723e+00
-1.891474127769470215e-01 -2.209242731332778931e-01
-1.108033955097198486e-01 -1.874540448188781738e-01
5.155840516090393066e-01 5.529108643531799316e-01
-3.361612558364868164e-02 -1.273308247327804565e-01
-5.868455767631530762e-01 -6.350957751274108887e-01
-1.219360589981079102e+00 -1.152804732322692871e+00
-5.515508055686950684e-01 -5.943382978439331055e-01
-3.774174153804779053e-01 -4.067134857177734375e-01
5.402249097824096680e-01 5.219855308532714844e-01
8.462645411491394043e-01 8.311472535133361816e-01
-1.109696030616760254e+00 -1.106906175613403320e+00
-1.826358735561370850e-01 -1.765710115432739258e-01
5.215458869934082031e-01 4.943097531795501709e-01
-3.487710356712341309e-01 -3.669822216033935547e-01
6.513263583183288574e-01 7.111567854881286621e-01
-2.706072926521301270e-01 -3.020548820495605469e-01
-1.062158226966857910e+00 -1.026256918907165527e+00
-6.083782315254211426e-01 -6.038232445716857910e-01
8.262581825256347656e-01 7.816895246505737305e-01
-1.926225870847702026e-01 -3.732486069202423096e-01
-4.968541562557220459e-01 -5.543335676193237305e-01
-1.921858452260494232e-02 -4.679260775446891785e-02
7.660966515541076660e-01 7.927767634391784668e-01
2.500716745853424072e-01 1.567305326461791992e-01
-1.197641044855117798e-01 -1.528726965188980103e-01
7.331506013870239258e-01 7.454946637153625488e-01
-3.026130497455596924e-01 -4.485992491245269775e-01
-1.565811038017272949e-01 -1.940875947475433350e-01
-8.040691725909709930e-03 -4.795442894101142883e-02
7.926836609840393066e-01 7.569882273674011230e-01
-4.828685820102691650e-01 -3.790307343006134033e-01
-4.661164581775665283e-01 -4.660040736198425293e-01
-8.218424320220947266e-01 -7.279897928237915039e-01
-8.840906620025634766e-01 -7.023196816444396973e-01
1.686608910560607910e+00 1.664866209030151367e+00
-3.562847673892974854e-01 -3.586058318614959717e-01
8.509151935577392578e-01 7.037487030029296875e-01
-3.109628558158874512e-01 -2.538669705390930176e-01
-9.336950778961181641e-01 -9.432879090309143066e-01
-2.688533663749694824e-01 -3.460578024387359619e-01
-8.514047414064407349e-02 -5.928154289722442627e-02
8.454138636589050293e-01 8.261730074882507324e-01
-3.260651826858520508e-01 -3.507416248321533203e-01
-6.592667698860168457e-01 -7.244907617568969727e-01
-8.566759824752807617e-01 -9.252236485481262207e-01
-1.744721829891204834e-01 -1.481466591358184814e-01
-8.001642227172851562e-01 -7.987478971481323242e-01
8.193124532699584961e-01 7.750374674797058105e-01
-1.902417242527008057e-01 -2.247836291790008545e-01
-7.144321501255035400e-02 -1.060821413993835449e-01
1.633263975381851196e-01 1.399258524179458618e-01
-7.963501214981079102e-01 -8.206283450126647949e-01
3.698821663856506348e-01 4.068475067615509033e-01
-3.636023104190826416e-01 -3.137725293636322021e-01
-2.385944426059722900e-01 -2.441854327917098999e-01
8.330755829811096191e-01 8.498874902725219727e-01
-1.511731147766113281e-01 -2.621000409126281738e-01
-5.574156641960144043e-01 -4.907261431217193604e-01
-4.667428433895111084e-01 -3.765271902084350586e-01
4.848285019397735596e-01 5.035722255706787109e-01
-8.501132726669311523e-01 -8.475029468536376953e-01
-8.314601331949234009e-02 -1.125464141368865967e-01
-1.612835079431533813e-01 -1.766398549079895020e-01
-1.889381557703018188e-01 -2.083807289600372314e-01
5.241527557373046875e-01 4.728904068470001221e-01
5.649068355560302734e-01 6.347216963768005371e-01
4.331208765506744385e-02 1.787718385457992554e-02
-1.511861830949783325e-01 -1.914160698652267456e-01
1.117778182029724121e+00 1.127653956413269043e+00
-2.205685377120971680e-01 -3.220527470111846924e-01
1.062680706381797791e-01 2.889414504170417786e-02
-4.143632650375366211e-01 -4.802716672420501709e-01
-9.777507185935974121e-01 -1.065108060836791992e+00
-6.423248648643493652e-01 -7.790022492408752441e-01
7.888034582138061523e-01 7.519413828849792480e-01
6.753432750701904297e-01 7.270688414573669434e-01
-4.133130311965942383e-01 -4.031460583209991455e-01
3.331447541713714600e-01 3.792668879032135010e-01
-2.731165885925292969e-01 -3.383421003818511963e-01
-9.793829917907714844e-01 -1.016436100006103516e+00
3.302864730358123779e-01 2.943126261234283447e-01
3.136974573135375977e-01 3.138914108276367188e-01
-1.377040296792984009e-01 -1.400405317544937134e-01
-5.722582340240478516e-01 -5.606824159622192383e-01
8.623075485229492188e-01 8.063415288925170898e-01
-6.920936703681945801e-01 -7.059680819511413574e-01
-2.009102255105972290e-01 -1.746300905942916870e-01
-1.187926605343818665e-01 -1.551737487316131592e-01
-1.232994049787521362e-01 -1.766862869262695312e-01
-3.963882103562355042e-02 3.682271763682365417e-02
-5.772790312767028809e-01 -4.692744910717010498e-01
-4.873478710651397705e-01 -5.087735056877136230e-01
-1.080708384513854980e+00 -1.097070693969726562e+00
-1.153584837913513184e+00 -1.205284357070922852e+00
8.489919304847717285e-01 7.778388857841491699e-01
8.798901438713073730e-01 7.699707150459289551e-01
-8.403143286705017090e-01 -7.975521683692932129e-01
-5.135018229484558105e-01 -5.700057148933410645e-01
-2.275864928960800171e-01 -1.785587966442108154e-01
-6.457072496414184570e-01 -6.877740025520324707e-01
-2.305952459573745728e-01 -3.347134292125701904e-01
-5.852746963500976562e-01 -5.569983720779418945e-01
7.557564377784729004e-01 7.838005423545837402e-01
-4.220337271690368652e-01 -3.972696661949157715e-01
-5.261009335517883301e-01 -5.354829430580139160e-01
4.021065533161163330e-01 4.581596255302429199e-01
-1.838632300496101379e-02 -1.955339685082435608e-03
7.252093553543090820e-01 7.821404933929443359e-01
1.405529022216796875e+00 1.508028268814086914e+00
1.358461678028106689e-01 1.042823195457458496e-01
1.272526755928993225e-02 -1.486914418637752533e-02
-1.031764626502990723e+00 -1.058104395866394043e+00
-1.261291980743408203e+00 -1.139372467994689941e+00
-8.774210214614868164e-01 -9.378133416175842285e-01
-5.754842758178710938e-01 -7.124331593513488770e-01
-3.711555302143096924e-01 -3.599140942096710205e-01
3.753417134284973145e-01 3.439469039440155029e-01
-4.317758083343505859e-01 -3.836542069911956787e-01
5.415914654731750488e-01 5.330830812454223633e-01
-3.585886359214782715e-01 -4.082406461238861084e-01
-6.208325028419494629e-01 -6.595737934112548828e-01
-1.062204241752624512e+00 -1.058860540390014648e+00
-3.401720821857452393e-01 -4.117158353328704834e-01
-1.870471090078353882e-01 -1.566779911518096924e-01
-9.818014502525329590e-01 -1.031929492950439453e+00
7.164300084114074707e-01 7.786554098129272461e-01
-1.409742832183837891e-01 -9.255416691303253174e-02
-1.218094453215599060e-01 -6.947122514247894287e-02
-1.033917307853698730e+00 -1.035792827606201172e+00
8.788337111473083496e-01 8.235999345779418945e-01
3.491280376911163330e-01 3.710043132305145264e-01
1.280154943466186523e+00 1.273095607757568359e+00
2.943849861621856689e-01 3.039905726909637451e-01
9.706148505210876465e-01 8.915863633155822754e-01
-1.266533434391021729e-01 -2.059119194746017456e-01
-7.940043807029724121e-01 -8.506613373756408691e-01
-2.974683046340942383e-01 -2.774859368801116943e-01
-4.861841499805450439e-01 -4.004565179347991943e-01
-4.477235972881317139e-01 -4.431328475475311279e-01
-2.357480078935623169e-01 -2.892268598079681396e-01
7.635334730148315430e-01 7.531849741935729980e-01
7.841452956199645996e-01 7.728911042213439941e-01
-8.890897780656814575e-02 -1.115776151418685913e-01
1.314954757690429688e-01 1.415733098983764648e-01
-1.105807900428771973e+00 -1.060363531112670898e+00
-1.211910694837570190e-01 -1.494300514459609985e-01
-1.092752456665039062e+00 -1.103467702865600586e+00
-5.997914075851440430e-01 -5.530251860618591309e-01
8.377032876014709473e-01 8.818361759185791016e-01
5.978800654411315918e-01 5.613546967506408691e-01
-3.876562416553497314e-01 -3.453935384750366211e-01
-5.660106539726257324e-01 -5.792438983917236328e-01
6.962078809738159180e-01 7.100419402122497559e-01
-5.837384462356567383e-01 -6.334157586097717285e-01
-3.927925229072570801e-01 -3.937349915504455566e-01
1.814192533493041992e-01 1.653505414724349976e-01
-1.026781678199768066e+00 -1.069347143173217773e+00
3.466459512710571289e-01 3.185556232929229736e-01
-7.862473726272583008e-01 -8.659718632698059082e-01
-3.802535235881805420e-01 -3.728955090045928955e-01
-4.093477725982666016e-01 -3.971927762031555176e-01
-1.055700063705444336e+00 -1.052023410797119141e+00
-6.002901792526245117e-01 -5.930263996124267578e-01
-1.022026911377906799e-01 -9.627037495374679565e-02
-4.990907907485961914e-01 -4.782544374465942383e-01
7.460527420043945312e-01 7.199981808662414551e-01
-3.293540775775909424e-01 -3.670864999294281006e-01
-6.701307892799377441e-01 -6.194455027580261230e-01
7.176405191421508789e-01 7.760599851608276367e-01
5.598714947700500488e-01 7.191389203071594238e-01
-3.529425337910652161e-02 5.148762464523315430e-02
1.363486200571060181e-01 1.076557412743568420e-01
-6.599582433700561523e-01 -6.377913951873779297e-01
1.306656360626220703e+00 1.278749942779541016e+00
-6.701292842626571655e-02 -4.698691144585609436e-02
-4.217884242534637451e-01 -4.086199104785919189e-01
5.962708219885826111e-02 3.225551918148994446e-02
1.647872477769851685e-01 1.944964528083801270e-01
-6.918110847473144531e-01 -7.808591723442077637e-01
-9.257277250289916992e-01 -8.646838068962097168e-01
1.380157321691513062e-01 2.297106087207794189e-01
1.285541296005249023e+00 1.297412872314453125e+00
-3.914763033390045166e-01 -2.500315010547637939e-01
-5.756862163543701172e-01 -5.184887051582336426e-01
-2.068454325199127197e-01 -2.906638681888580322e-01
3.734014034271240234e-01 4.029334485530853271e-01
-3.241198360919952393e-01 -3.199858963489532471e-01
-9.736778736114501953e-01 -1.014412999153137207e+00
-1.879146099090576172e-01 -1.764279454946517944e-01
-3.016521930694580078e-01 -2.472568154335021973e-01
-1.837873160839080811e-01 -1.293466985225677490e-01
9.331450462341308594e-01 8.546236157417297363e-01
3.065189719200134277e-01 2.431231737136840820e-01
2.551620900630950928e-01 2.413591742515563965e-01
-3.313749134540557861e-01 -3.912765681743621826e-01
-4.564697444438934326e-01 -3.726674914360046387e-01
8.467381000518798828e-01 8.428177237510681152e-01
-8.209668993949890137e-01 -8.554709553718566895e-01
-8.413226604461669922e-01 -8.726150393486022949e-01
-8.804545402526855469e-01 -9.064612388610839844e-01
-7.244135737419128418e-01 -8.142700195312500000e-01
9.310440421104431152e-01 9.672292470932006836e-01
-1.032030940055847168e+00 -9.710172414779663086e-01
-2.482497245073318481e-01 -3.771147727966308594e-01
1.000252127647399902e+00 9.506073594093322754e-01
5.991198495030403137e-02 5.439726635813713074e-02
-2.574305832386016846e-01 -3.490536212921142578e-01
-4.822370111942291260e-01 -6.684481501579284668e-01
-2.044298797845840454e-01 -1.695411354303359985e-01
9.349790811538696289e-01 9.867435097694396973e-01
-4.190003573894500732e-01 -5.158140063285827637e-01
-7.685483694076538086e-01 -6.613935828208923340e-01
-2.514484226703643799e-01 -2.309098839759826660e-01
-1.245767101645469666e-01 -1.387007236480712891e-01
-6.979978829622268677e-02 -5.970226600766181946e-02
3.691066503524780273e-01 3.100786209106445312e-01
1.739268600940704346e-01 1.595821827650070190e-01
-1.101049542427062988e+00 -1.109403610229492188e+00
2.203402370214462280e-01 2.142226845026016235e-01
1.239640414714813232e-01 3.141477331519126892e-02
-2.063885480165481567e-01 -1.768250763416290283e-01
3.867602944374084473e-01 4.446429312229156494e-01
-5.506329536437988281e-01 -5.442345142364501953e-01
4.417749047279357910e-01 4.721919596195220947e-01
2.850120365619659424e-01 2.679259479045867920e-01
3.893363848328590393e-02 6.625141203403472900e-02
7.650457620620727539e-01 7.810361981391906738e-01
-1.213203221559524536e-01 -1.045508980751037598e-01
-8.943591117858886719e-01 -8.676254153251647949e-01
-3.555578291416168213e-01 -3.547444045543670654e-01
-9.631373882293701172e-01 -9.734348654747009277e-01
-9.860952496528625488e-01 -9.896251559257507324e-01
9.478655457496643066e-01 9.274790883064270020e-01
-2.444198578596115112e-01 -1.360015124082565308e-01
-3.414551019668579102e-01 -2.739941179752349854e-01
-2.940410375595092773e-01 -3.255591094493865967e-01
-3.262753784656524658e-02 -4.714677110314369202e-02
5.229415893554687500e-01 4.739544093608856201e-01
-7.641575932502746582e-01 -7.409372925758361816e-01
1.814782917499542236e-01 1.687771081924438477e-01
-3.568645119667053223e-01 -4.531917273998260498e-01
-6.615581512451171875e-01 -6.098316311836242676e-01
6.932095885276794434e-01 6.559428572654724121e-01
-9.847930669784545898e-01 -1.080341577529907227e+00
-4.207137227058410645e-01 -4.580379426479339600e-01
-7.711023092269897461e-01 -8.552355170249938965e-01
-2.763099670410156250e-01 -2.884228229522705078e-01
-3.705628514289855957e-01 -2.651801705360412598e-01
-9.522086381912231445e-01 -9.419092535972595215e-01
6.469486355781555176e-01 6.145589351654052734e-01
-8.877547979354858398e-01 -9.364779591560363770e-01
-4.944142401218414307e-01 -5.810983777046203613e-01
-4.681217968463897705e-01 -6.792802214622497559e-01
-9.345672130584716797e-01 -1.033747076988220215e+00
-4.183871448040008545e-01 -4.115912616252899170e-01
-4.202187359333038330e-01 -5.781911015510559082e-01
-6.674115657806396484e-01 -6.398414969444274902e-01
2.739397287368774414e-01 3.059297204017639160e-01
-4.359602332115173340e-01 -4.522496163845062256e-01
6.252900958061218262e-01 5.713212490081787109e-01
-6.386540532112121582e-01 -6.548972725868225098e-01
6.804821491241455078e-01 6.589068770408630371e-01
7.138729840517044067e-02 8.985999971628189087e-02
-8.935333788394927979e-02 -1.081412360072135925e-01
-2.310072332620620728e-01 -2.467170357704162598e-01
-6.615913510322570801e-01 -5.952710509300231934e-01
5.211796164512634277e-01 5.683774948120117188e-01
7.627097964286804199e-01 8.007577061653137207e-01
-1.001560688018798828e+00 -1.026868939399719238e+00
-1.456482559442520142e-01 -1.547082215547561646e-01
3.749002456665039062e+00 3.666659593582153320e+00
-4.905503690242767334e-01 -4.929112195968627930e-01
-2.064767181873321533e-01 -1.842460632324218750e-01
-7.587330937385559082e-01 -8.398355841636657715e-01
-9.905738234519958496e-01 -9.966866374015808105e-01
-2.589216232299804688e-01 -4.356482326984405518e-01
