1.695873618125915527e+00 1.750773429870605469e+00
6.018781185150146484e+00 5.935135364532470703e+00
-1.716891646385192871e+00 -1.866643905639648438e+00
-6.762499809265136719e-01 -7.165514826774597168e-01
-2.708199739456176758e+00 -2.832953214645385742e+00
8.080159425735473633e-01 1.209003567695617676e+00
1.719758152961730957e+00 1.833026647567749023e+00
7.196351289749145508e-01 4.136820137500762939e-01
1.935967504978179932e-01 2.664934396743774414e-01
-2.807972431182861328e+00 -2.793024778366088867e+00
1.233084917068481445e+00 1.220633983612060547e+00
4.783409118652343750e+00 4.708114147186279297e+00
-7.649446725845336914e-01 -6.040231585502624512e-01
-2.328599929809570312e+00 -2.428048372268676758e+00
8.198221325874328613e-01 7.010427117347717285e-01
9.272347390651702881e-02 1.171829849481582642e-01
6.852845549583435059e-01 6.299976110458374023e-01
8.646104484796524048e-02 -1.570243388414382935e-03
-1.888000607490539551e+00 -1.803373098373413086e+00
-1.794684529304504395e+00 -1.864463090896606445e+00
-2.261705636978149414e+00 -2.251949310302734375e+00
-1.839278697967529297e+00 -1.759059667587280273e+00
4.053359031677246094e+00 4.074008464813232422e+00
-6.367160677909851074e-01 -5.878039598464965820e-01
2.072077274322509766e+00 1.997610688209533691e+00
2.560818672180175781e+00 2.638269186019897461e+00
-9.167089462280273438e-01 -1.043520331382751465e+00
6.606996059417724609e-01 7.518088221549987793e-01
4.659308433532714844e+00 4.807515621185302734e+00
-1.599822282791137695e+00 -1.554764628410339355e+00
-1.004574775695800781e+00 -1.017490625381469727e+00
-3.156342208385467529e-01 -3.466071486473083496e-01
-5.605906844139099121e-01 -6.676420569419860840e-01
2.303904056549072266e+00 2.274471521377563477e+00
-6.520467996597290039e-01 -4.986364245414733887e-01
-2.603297233581542969e+00 -2.437425136566162109e+00
1.785338401794433594e+00 1.871294856071472168e+00
-2.688223361968994141e+00 -2.695228099822998047e+00
-3.289452075958251953e+00 -3.054977655410766602e+00
2.861095964908599854e-01 3.349979817867279053e-01
-5.085133910179138184e-01 -5.909287333488464355e-01
5.807412862777709961e-01 5.174360871315002441e-01
-3.020298004150390625e+00 -3.057177305221557617e+00
-2.201225459575653076e-01 -3.444092273712158203e-01
2.513351678848266602e+00 2.509139776229858398e+00
-8.548141717910766602e-01 -6.419159770011901855e-01
5.690553411841392517e-02 1.887942552566528320e-01
-4.990907907485961914e-01 -1.425403952598571777e-01
1.199261471629142761e-01 5.916136503219604492e-01
-1.667210102081298828e+00 -1.443823099136352539e+00
-1.726014971733093262e+00 -1.680694103240966797e+00
6.193830966949462891e-01 7.101182341575622559e-01
-1.116443634033203125e+00 -1.152561426162719727e+00
-1.692062735557556152e+00 -1.715004324913024902e+00
-2.012161254882812500e+00 -1.866314411163330078e+00
1.063434600830078125e+00 1.037446975708007812e+00
-2.242110729217529297e+00 -2.203689336776733398e+00
2.579138576984405518e-01 4.153718352317810059e-01
2.718874454498291016e+00 2.879380702972412109e+00
-2.817945957183837891e+00 -2.730895757675170898e+00
2.485923290252685547e+00 2.518143653869628906e+00
1.704283714294433594e+00 1.840185165405273438e+00
-8.343602418899536133e-01 -7.927091717720031738e-01
1.100025892257690430e+00 1.195198416709899902e+00
-8.423705399036407471e-02 2.791619896888732910e-01
3.266087174415588379e-02 1.101150512695312500e-01
4.070570468902587891e+00 4.078427314758300781e+00
1.030224338173866272e-01 7.209151983261108398e-02
1.159574508666992188e+00 1.145638227462768555e+00
1.676884412765502930e+00 1.648565292358398438e+00
-2.120834589004516602e+00 -2.004497528076171875e+00
9.682421088218688965e-01 1.074964642524719238e+00
3.568024560809135437e-02 -1.384336054325103760e-01
7.212164998054504395e-01 7.016010880470275879e-01
-8.495894670486450195e-01 -8.180136084556579590e-01
2.889021635055541992e+00 3.016688585281372070e+00
-2.602787971496582031e+00 -2.504674673080444336e+00
1.262493014335632324e+00 1.176396369934082031e+00
-1.531735658645629883e-01 -1.156324073672294617e-01
3.337454497814178467e-01 1.922576725482940674e-01
-3.653971850872039795e-01 -4.496991634368896484e-01
-8.882904648780822754e-01 -1.146067738533020020e+00
1.184295773506164551e+00 1.176933050155639648e+00
-2.440494298934936523e+00 -2.630613327026367188e+00
-1.628080368041992188e+00 -1.627086162567138672e+00
6.903153657913208008e-01 9.763146042823791504e-01
9.452072978019714355e-01 1.050935506820678711e+00
-1.706648826599121094e+00 -1.753359794616699219e+00
-2.828839719295501709e-01 -3.102772235870361328e-01
-5.786691308021545410e-01 -5.477238297462463379e-01
3.246876716613769531e+00 3.310600042343139648e+00
2.109001398086547852e+00 2.103606462478637695e+00
-3.876823484897613525e-01 -3.792638778686523438e-01
-3.747903585433959961e+00 -3.654876947402954102e+00
5.928279399871826172e+00 5.878361225128173828e+00
3.232007980346679688e+00 2.843573331832885742e+00
2.870195627212524414e+00 2.853811025619506836e+00
1.598797917366027832e+00 1.562957167625427246e+00
-1.147547006607055664e+00 -1.101218700408935547e+00
-4.643253982067108154e-01 -5.370869040489196777e-01
1.678945183753967285e+00 1.584147095680236816e+00
-1.969702839851379395e+00 -1.837215065956115723e+00
2.162393331527709961e+00 2.215432405471801758e+00
5.486777782440185547e+00 5.583777427673339844e+00
-6.116127371788024902e-01 -6.819577217102050781e-01
3.414484439417719841e-03 3.287842497229576111e-02
-3.285821437835693359e+00 -3.234990596771240234e+00
1.753109693527221680e-01 2.574396133422851562e-01
-2.931056499481201172e+00 -2.959151983261108398e+00
3.830243051052093506e-01 5.700160861015319824e-01
8.357439041137695312e-01 9.057677388191223145e-01
5.021663188934326172e+00 4.940002918243408203e+00
-4.875146746635437012e-01 -5.108756422996520996e-01
-1.758566945791244507e-01 -1.433311998844146729e-01
1.705140471458435059e+00 1.634992361068725586e+00
-4.203259348869323730e-01 -3.523645401000976562e-01
-6.697868704795837402e-01 -5.866043567657470703e-01
-2.030021190643310547e+00 -1.988011121749877930e+00
1.238880515098571777e+00 1.186429023742675781e+00
1.251435279846191406e-01 -1.332229971885681152e-01
-2.101834565401077271e-01 -3.078583478927612305e-01
-9.668726921081542969e-01 -7.954255938529968262e-01
1.751400828361511230e+00 1.681327462196350098e+00
1.716997474431991577e-02 -6.305552273988723755e-02
2.416814088821411133e+00 2.241429567337036133e+00
1.892816066741943359e+00 1.999614238739013672e+00
4.165484607219696045e-01 5.271335244178771973e-01
-1.931312561035156250e+00 -1.815299868583679199e+00
7.495428919792175293e-01 6.955317854881286621e-01
-1.050707697868347168e-01 -3.983650803565979004e-01
5.663363933563232422e-01 5.018357038497924805e-01
3.360996246337890625e-01 3.321527242660522461e-01
-2.467597723007202148e-01 -1.469107270240783691e-01
-5.906891822814941406e-01 -5.871340632438659668e-01
-1.781050682067871094e+00 -1.803659200668334961e+00
6.103565692901611328e+00 6.337331295013427734e+00
-4.093477725982666016e-01 -3.748672008514404297e-01
1.287608504295349121e+00 1.213353514671325684e+00
8.101552724838256836e-01 8.348436355590820312e-01
-1.668167233467102051e+00 -1.759216070175170898e+00
-3.434046804904937744e-01 -3.312724530696868896e-01
-1.653689622879028320e+00 -1.572558164596557617e+00
-1.491717815399169922e+00 -1.277406573295593262e+00
1.471312046051025391e+00 1.456102132797241211e+00
-6.711116433143615723e-01 -8.531538844108581543e-01
2.874332427978515625e+00 2.942774057388305664e+00
-1.038357138633728027e+00 -1.020346879959106445e+00
1.093725919723510742e+00 9.291498661041259766e-01
5.835220217704772949e-01 6.876366734504699707e-01
1.422363400459289551e+00 1.515639781951904297e+00
-1.690235257148742676e+00 -1.405794858932495117e+00
-1.619106054306030273e+00 -1.560335755348205566e+00
1.534294784069061279e-01 2.613643705844879150e-01
4.702986240386962891e+00 4.596935749053955078e+00
-8.839462995529174805e-01 -8.916528820991516113e-01
-1.331151485443115234e+00 -1.478525757789611816e+00
2.708214223384857178e-01 4.658345282077789307e-01
1.434631347656250000e+00 1.381138086318969727e+00
7.034059762954711914e-01 8.278867602348327637e-01
3.352660313248634338e-02 2.304593324661254883e-01
2.949656844139099121e-01 2.208938002586364746e-01
5.854526996612548828e+00 6.067660331726074219e+00
9.863466620445251465e-01 8.786748051643371582e-01
-6.467412710189819336e-01 -7.142378687858581543e-01
1.625276803970336914e+00 1.560847520828247070e+00
3.799246549606323242e-01 8.265147358179092407e-02
-1.851567327976226807e-01 -1.395334601402282715e-01
2.499354600906372070e+00 2.504297256469726562e+00
1.792339682579040527e+00 1.896768927574157715e+00
1.349106431007385254e-01 1.120409294962882996e-01
-7.173140048980712891e-01 -7.343394756317138672e-01
-1.430970907211303711e+00 -1.190081954002380371e+00
7.066032886505126953e-01 6.628695130348205566e-01
1.218358278274536133e+00 1.262451291084289551e+00
-3.615363359451293945e+00 -3.540172815322875977e+00
1.548218727111816406e+00 1.459828972816467285e+00
-9.918596744537353516e-01 -9.548244476318359375e-01
2.320931106805801392e-01 2.607700228691101074e-01
2.156677693128585815e-01 9.828408807516098022e-02
4.517385065555572510e-01 5.352082848548889160e-01
3.711465299129486084e-01 4.345071315765380859e-01
-1.428074359893798828e+00 -1.436562061309814453e+00
1.685265004634857178e-01 2.471424937248229980e-01
-9.268915653228759766e-01 -9.803156256675720215e-01
2.170740604400634766e+00 2.248167514801025391e+00
7.702060937881469727e-01 8.117236495018005371e-01
4.565424025058746338e-01 4.807231128215789795e-01
-4.774120151996612549e-01 -3.655280470848083496e-01
2.855903387069702148e+00 2.760025501251220703e+00
3.433315038681030273e+00 3.436487913131713867e+00
6.022042274475097656e+00 6.180371761322021484e+00
1.248992204666137695e+00 1.101809382438659668e+00
-6.596744060516357422e-01 -6.724349260330200195e-01
-3.419381082057952881e-01 -2.657634317874908447e-01
-6.302544474601745605e-01 -6.729778647422790527e-01
8.716885447502136230e-01 8.969083428382873535e-01
-1.692130923271179199e+00 -1.606408834457397461e+00
1.255081176757812500e+00 1.368101239204406738e+00
-2.766218185424804688e-01 -3.609085977077484131e-01
-5.691260695457458496e-01 -5.702074170112609863e-01
-8.180338144302368164e-01 -6.973388791084289551e-01
3.182310163974761963e-01 3.151440024375915527e-01
-2.429021596908569336e+00 -2.645662069320678711e+00
4.284939765930175781e-01 4.706023335456848145e-01
1.484951853752136230e+00 1.444100618362426758e+00
-1.135912016034126282e-01 -7.547524571418762207e-02
1.422551035881042480e+00 1.298433661460876465e+00
4.066097259521484375e+00 4.237368106842041016e+00
-3.342679738998413086e+00 -3.354569196701049805e+00
8.844802975654602051e-01 6.974840164184570312e-01
2.123173236846923828e+00 2.034669399261474609e+00
4.167996346950531006e-01 4.091691374778747559e-01
-7.055775523185729980e-01 -7.433087825775146484e-01
-1.856395602226257324e+00 -1.879056811332702637e+00
3.270836770534515381e-01 3.975157439708709717e-02
-3.381227970123291016e+00 -3.333541393280029297e+00
-5.671178698539733887e-01 -5.122765898704528809e-01
-1.668759584426879883e+00 -1.428217887878417969e+00
-1.715962141752243042e-01 -6.251806765794754028e-02
-3.600029349327087402e-01 -3.431235253810882568e-01
-1.226548910140991211e+00 -1.146460294723510742e+00
-2.608447968959808350e-01 -2.728826403617858887e-01
-2.439408004283905029e-01 -3.214179575443267822e-01
2.197615623474121094e+00 2.298532247543334961e+00
2.018558502197265625e+00 1.897018551826477051e+00
-2.870759963989257812e+00 -2.804516553878784180e+00
-2.222315669059753418e-01 -2.043344676494598389e-01
-1.173179268836975098e+00 -1.179697751998901367e+00
1.898321866989135742e+00 1.987168550491333008e+00
2.005714327096939087e-01 1.639889776706695557e-01
1.209046244621276855e+00 1.332665205001831055e+00
-1.466934084892272949e+00 -1.412121295928955078e+00
4.181846141815185547e+00 4.181812763214111328e+00
1.055665612220764160e-01 1.662419438362121582e-01
1.343843579292297363e+00 1.534674882888793945e+00
-8.469801396131515503e-02 -6.328883022069931030e-02
1.559693694114685059e+00 1.528894901275634766e+00
2.374585628509521484e+00 2.131591558456420898e+00
4.292178153991699219e-01 4.444986581802368164e-01
-1.392862200736999512e+00 -1.554877042770385742e+00
-1.553565025329589844e+00 -1.745931386947631836e+00
1.500405550003051758e+00 1.438303947448730469e+00
4.156665503978729248e-01 5.566574931144714355e-01
1.615414500236511230e+00 1.667930603027343750e+00
-3.326732635498046875e+00 -3.460829257965087891e+00
1.466479420661926270e+00 1.434291839599609375e+00
1.057114720344543457e+00 1.006291627883911133e+00
-3.246466517448425293e-01 -1.962834298610687256e-01
-2.011697530746459961e+00 -1.964301109313964844e+00
-2.103246748447418213e-01 -1.280204653739929199e-01
8.540694117546081543e-01 1.193872570991516113e+00
-7.345411181449890137e-01 -6.251154541969299316e-01
4.965644776821136475e-01 6.257074475288391113e-01
-8.808946609497070312e-01 -8.867270350456237793e-01
-1.170206665992736816e+00 -1.374654293060302734e+00
2.858977615833282471e-01 2.340303659439086914e-01
-1.733647823333740234e+00 -1.786094903945922852e+00
4.231876373291015625e+00 4.142935752868652344e+00
-2.966224908828735352e+00 -2.898526906967163086e+00
6.799267977476119995e-02 -6.593664735555648804e-02
9.256327748298645020e-01 9.678713679313659668e-01
-2.282754659652709961e+00 -2.282931089401245117e+00
3.016865730285644531e+00 3.262822628021240234e+00
1.517061233520507812e+00 1.687667131423950195e+00
-1.325572609901428223e+00 -1.360437393188476562e+00
4.708895981311798096e-01 5.896646976470947266e-01
-1.101149439811706543e+00 -8.924095034599304199e-01
-8.034011721611022949e-01 -8.097444176673889160e-01
7.824814319610595703e-01 8.399152159690856934e-01
8.329179883003234863e-01 9.796035885810852051e-01
2.348961591720581055e+00 2.447740316390991211e+00
1.711494028568267822e-01 1.186493113636970520e-01
-2.960622787475585938e+00 -3.090240716934204102e+00
-2.535144567489624023e+00 -2.396125078201293945e+00
-2.887069284915924072e-01 -2.206026613712310791e-01
1.352012157440185547e+00 1.254241228103637695e+00
-4.933308362960815430e-01 -5.617511868476867676e-01
-2.215128898620605469e+00 -1.982585191726684570e+00
5.674410462379455566e-01 7.217592597007751465e-01
9.150377511978149414e-01 6.837260127067565918e-01
-2.676006078720092773e+00 -2.574555158615112305e+00
4.412291944026947021e-01 4.653776288032531738e-01
-5.595293045043945312e-01 -4.874953031539916992e-01
1.052140116691589355e+00 9.089171290397644043e-01
1.064857244491577148e+00 1.224771499633789062e+00
2.538895606994628906e-01 -2.556221932172775269e-02
1.873520135879516602e+00 1.840311765670776367e+00
2.799036502838134766e-01 4.238765239715576172e-01
-6.322931051254272461e-01 -5.746260881423950195e-01
5.276709198951721191e-01 4.285866320133209229e-01
-3.482477664947509766e+00 -3.427330732345581055e+00
3.722565650939941406e+00 3.549867868423461914e+00
-2.615851402282714844e+00 -2.614124774932861328e+00
1.848133683204650879e+00 1.978016614913940430e+00
3.932267189025878906e+00 3.849998235702514648e+00
2.306841850280761719e+00 2.354675531387329102e+00
-2.446294546127319336e+00 -2.500631093978881836e+00
5.749939918518066406e+00 5.801176548004150391e+00
1.021633863449096680e+00 1.030375719070434570e+00
1.637041211128234863e+00 1.486786603927612305e+00
-9.760248661041259766e-01 -8.762624859809875488e-01
1.295447945594787598e+00 1.481075167655944824e+00
8.635669946670532227e-01 9.138717055320739746e-01
-1.178404211997985840e+00 -1.065637350082397461e+00
-9.397669136524200439e-02 2.838028073310852051e-01
-1.040008783340454102e+00 -9.628863930702209473e-01
-1.406917095184326172e+00 -1.256988167762756348e+00
-3.541172027587890625e+00 -3.390545845031738281e+00
-2.456591844558715820e+00 -2.425778388977050781e+00
-6.672359108924865723e-01 -7.203549742698669434e-01
1.026774764060974121e+00 1.049145460128784180e+00
-2.624580860137939453e+00 -2.462124347686767578e+00
8.519285917282104492e-02 9.253587573766708374e-03
-1.006903052330017090e+00 -1.001694679260253906e+00
-3.138183355331420898e+00 -2.813457012176513672e+00
9.424868226051330566e-01 1.128753185272216797e+00
5.502549931406974792e-03 5.232980102300643921e-02
-1.154359102249145508e+00 -1.202748656272888184e+00
1.893610835075378418e+00 1.938801407814025879e+00
3.498687982559204102e+00 3.456125020980834961e+00
5.289851188659667969e+00 5.174861907958984375e+00
5.288339614868164062e+00 5.335978984832763672e+00
-2.677942752838134766e+00 -2.514675140380859375e+00
6.017951011657714844e+00 6.156201839447021484e+00
1.042190909385681152e+00 1.495425701141357422e+00
4.634970724582672119e-01 3.520050942897796631e-01
1.323482751846313477e+00 1.484399080276489258e+00
1.065717816352844238e+00 1.107156395912170410e+00
-1.711174130439758301e+00 -1.820924878120422363e+00
-3.338005542755126953e+00 -3.316789150238037109e+00
1.328444838523864746e+00 1.384353041648864746e+00
-3.447869777679443359e+00 -3.337100744247436523e+00
6.437070369720458984e-01 8.216528296470642090e-01
1.739268600940704346e-01 -8.199740201234817505e-02
3.503997325897216797e+00 3.524616956710815430e+00
1.318603754043579102e-01 2.477726638317108154e-01
-8.684778213500976562e-01 -9.696562290191650391e-01
-9.195324182510375977e-01 -8.657691478729248047e-01
-6.051101684570312500e-01 -6.074582934379577637e-01
-2.375033855438232422e+00 -2.384737014770507812e+00
-2.515749931335449219e+00 -2.559426069259643555e+00
1.979965925216674805e+00 1.994109630584716797e+00
4.141844809055328369e-01 3.056493699550628662e-01
3.934620618820190430e-01 4.897854328155517578e-01
-1.668894410133361816e+00 -1.696370601654052734e+00
3.360372066497802734e+00 3.317090511322021484e+00
1.492442727088928223e+00 1.312915563583374023e+00
7.737343311309814453e-01 9.497351050376892090e-01
1.623120784759521484e+00 1.558516263961791992e+00
-2.582207918167114258e-01 -1.381243765354156494e-01
7.767376303672790527e-01 8.145154118537902832e-01
-6.867800951004028320e-01 -7.357613444328308105e-01
3.738536536693572998e-01 4.873296022415161133e-01
-6.744123697280883789e-01 -8.436450958251953125e-01
3.367410182952880859e+00 3.661394834518432617e+00
2.865614593029022217e-01 3.650020360946655273e-01
3.176453590393066406e+00 3.010598897933959961e+00
1.195311307907104492e+00 1.070806026458740234e+00
-2.324337959289550781e+00 -2.253260374069213867e+00
-6.157319545745849609e-01 -5.866251587867736816e-01
3.367088794708251953e+00 3.478032588958740234e+00
1.429595947265625000e+00 1.311228752136230469e+00
-3.795636892318725586e-01 -2.817888259887695312e-01
-1.401119828224182129e+00 -1.435715556144714355e+00
3.956279456615447998e-01 3.111207783222198486e-01
-5.184190273284912109e-01 -4.253553748130798340e-01
4.033442974090576172e+00 3.945191860198974609e+00
1.068522095680236816e+00 8.636766076087951660e-01
-1.307654500007629395e+00 -1.139436960220336914e+00
3.867540597915649414e+00 3.840087175369262695e+00
4.585196018218994141e+00 4.696761608123779297e+00
1.786092877388000488e+00 1.791992187500000000e+00
-2.371152162551879883e+00 -2.196913480758666992e+00
1.337706446647644043e+00 1.307785749435424805e+00
-2.935398578643798828e+00 -3.014223575592041016e+00
1.047086238861083984e+00 9.691320061683654785e-01
-2.484791129827499390e-01 -2.599627375602722168e-01
8.467381000518798828e-01 9.078473448753356934e-01
-2.347754687070846558e-01 -3.094347417354583740e-01
-6.009224653244018555e-01 -2.439017295837402344e-01
3.915617465972900391e-01 3.957953453063964844e-01
-3.129354953765869141e+00 -3.267519235610961914e+00
-1.829681247472763062e-01 -2.676488161087036133e-01
-4.886654317378997803e-01 -5.918250083923339844e-01
-1.156439781188964844e+00 -1.004269480705261230e+00
-3.079791069030761719e+00 -3.271555185317993164e+00
-7.301494479179382324e-02 5.422152206301689148e-02
3.678738176822662354e-01 2.839565277099609375e-01
-5.660106539726257324e-01 -5.841687321662902832e-01
-1.148559451103210449e+00 -1.195499539375305176e+00
4.910852015018463135e-02 -1.188303902745246887e-02
-4.547480642795562744e-01 -5.162122845649719238e-01
-1.859858632087707520e-01 -5.205175280570983887e-01
-2.073799610137939453e+00 -1.773800134658813477e+00
5.254535675048828125e-01 6.093136072158813477e-01
7.132171988487243652e-01 5.188280344009399414e-01
-9.021245837211608887e-01 -8.083280920982360840e-01
-2.903769969940185547e+00 -2.822422742843627930e+00
2.163391351699829102e+00 1.929235577583312988e+00
3.269257783889770508e+00 3.352521419525146484e+00
-2.978586554527282715e-01 -2.492865622043609619e-01
2.426563024520874023e+00 2.359092712402343750e+00
1.368735283613204956e-01 2.632797360420227051e-01
-2.348686218261718750e+00 -2.174182176589965820e+00
-1.572686553001403809e+00 -1.416304707527160645e+00
9.203881621360778809e-01 1.147336125373840332e+00
-1.407385110855102539e+00 -1.393225193023681641e+00
-4.306496679782867432e-01 -2.044637799263000488e-01
-2.741841316223144531e+00 -2.677380084991455078e+00
-3.208183944225311279e-01 -2.458424568176269531e-01
9.335839152336120605e-01 8.904803395271301270e-01
8.111170530319213867e-01 9.032744765281677246e-01
-1.020568490028381348e+00 -9.987491965293884277e-01
2.213190078735351562e+00 2.189125299453735352e+00
-2.819792032241821289e+00 -2.847157001495361328e+00
-2.415858745574951172e+00 -2.415442705154418945e+00
6.351494789123535156e-01 6.374990344047546387e-01
-5.601024031639099121e-01 -4.742065072059631348e-01
7.718956470489501953e-01 7.661805748939514160e-01
-2.303640842437744141e+00 -2.335474491119384766e+00
9.629968404769897461e-01 8.606709837913513184e-01
-1.237817257642745972e-01 -2.521840631961822510e-01
-5.593578815460205078e-01 -4.805868268013000488e-01
9.349437057971954346e-02 4.393503069877624512e-02
-3.013022661209106445e+00 -2.974551200866699219e+00
5.896251201629638672e-01 9.046259522438049316e-01
-2.482603490352630615e-02 -6.242366135120391846e-02
-3.217135190963745117e+00 -3.247794866561889648e+00
-3.386189460754394531e+00 -3.404688596725463867e+00
-1.595961928367614746e+00 -1.611969113349914551e+00
-1.318435311317443848e+00 -1.439925193786621094e+00
2.348657846450805664e+00 2.302662134170532227e+00
-1.086197614669799805e+00 -1.245365142822265625e+00
-1.076018571853637695e+00 -7.103324532508850098e-01
2.075916767120361328e+00 2.057474851608276367e+00
1.545969367027282715e+00 1.487936258316040039e+00
-1.801784753799438477e+00 -1.839020252227783203e+00
8.199442923069000244e-02 5.870795994997024536e-02
-8.564089238643646240e-02 4.875775426626205444e-03
-2.422395467758178711e+00 -2.427235841751098633e+00
1.701333999633789062e+00 1.653568625450134277e+00
1.644610404968261719e+00 1.462597131729125977e+00
-1.604659914970397949e+00 -1.745287775993347168e+00
-2.832768917083740234e+00 -2.832559347152709961e+00
2.308764457702636719e+00 2.286447763442993164e+00
-1.996405601501464844e+00 -2.078281641006469727e+00
9.578951634466648102e-03 -1.780476048588752747e-02
-2.321983098983764648e+00 -2.182756185531616211e+00
-4.886144027113914490e-02 -8.775687217712402344e-02
-1.511450767517089844e+00 -1.581840038299560547e+00
-1.230589628219604492e+00 -1.063804626464843750e+00
2.259313106536865234e+00 2.233171701431274414e+00
1.018577337265014648e+00 1.075576066970825195e+00
-1.792096793651580811e-01 -2.740213274955749512e-01
1.554117798805236816e+00 1.477231502532958984e+00
2.408448934555053711e+00 2.274747133255004883e+00
-1.413286566734313965e+00 -1.343459367752075195e+00
1.028712764382362366e-01 -9.137067943811416626e-03
4.434853076934814453e+00 4.479910373687744141e+00
1.125890731811523438e+00 1.192365646362304688e+00
-1.462954998016357422e+00 -1.475881814956665039e+00
2.536644697189331055e+00 2.513281106948852539e+00
1.065242290496826172e+00 1.121307253837585449e+00
-2.347263097763061523e+00 -2.516767263412475586e+00
4.986827373504638672e+00 4.968359470367431641e+00
-8.409641385078430176e-01 -8.621311783790588379e-01
1.379298329353332520e+00 1.482780694961547852e+00
3.482387661933898926e-01 3.545717895030975342e-01
3.021991550922393799e-01 3.661318123340606689e-01
2.324944019317626953e+00 2.413903474807739258e+00
-1.607282400131225586e+00 -1.559763669967651367e+00
-9.253174066543579102e-01 -7.287148833274841309e-01
-3.222698569297790527e-01 -2.278455495834350586e-01
6.609268188476562500e-01 6.672828197479248047e-01
-5.489066615700721741e-02 -4.704564064741134644e-02
-2.026196956634521484e+00 -2.235515356063842773e+00
1.458328723907470703e+00 1.264071345329284668e+00
4.742572903633117676e-01 5.146848559379577637e-01
3.221109867095947266e+00 3.273548364639282227e+00
-7.385606169700622559e-01 -7.624523639678955078e-01
-2.085436820983886719e+00 -2.099257230758666992e+00
-7.539415955543518066e-01 -9.353353977203369141e-01
1.168426036834716797e+00 1.228225469589233398e+00
6.653593182563781738e-01 5.764808058738708496e-01
-2.303091287612915039e-01 -2.925224602222442627e-01
3.136374652385711670e-01 3.612238466739654541e-01
-2.349613159894943237e-01 -1.182933822274208069e-01
-3.269262611865997314e-01 -2.924947142601013184e-01
4.549720764160156250e+00 4.444243431091308594e+00
-2.789098024368286133e+00 -2.681182622909545898e+00
-3.136953830718994141e+00 -3.124545812606811523e+00
-8.011306524276733398e-01 -8.611529469490051270e-01
-1.254208683967590332e+00 -1.225838780403137207e+00
-2.160274982452392578e-01 -1.030899584293365479e-01
1.159320235252380371e+00 1.005304336547851562e+00
-5.048342943191528320e-01 -8.325580954551696777e-01
-2.205893754959106445e+00 -2.405597448348999023e+00
-3.801812529563903809e-01 -3.756018280982971191e-01
1.789164781570434570e+00 1.933854818344116211e+00
5.406964778900146484e+00 5.567025661468505859e+00
-2.455237627029418945e+00 -2.416932821273803711e+00
-3.469217777252197266e+00 -3.492130994796752930e+00
1.239362716674804688e+00 1.213912963867187500e+00
-9.091928601264953613e-01 -8.078114390373229980e-01
9.324117004871368408e-02 2.338546514511108398e-01
-6.462450623512268066e-01 -6.505816578865051270e-01
1.577828049659729004e+00 1.623329162597656250e+00
3.463044166564941406e+00 3.642807245254516602e+00
-3.078938126564025879e-01 -4.032658934593200684e-01
-1.210488438606262207e+00 -1.167461156845092773e+00
4.791584610939025879e-01 4.273600578308105469e-01
-1.763256825506687164e-02 1.718392968177795410e-01
-1.661733388900756836e+00 -1.529657125473022461e+00
1.276903748512268066e-01 1.820288002490997314e-01
1.729036092758178711e+00 1.823299646377563477e+00
6.448522210121154785e-01 6.459956765174865723e-01
9.879121780395507812e-01 9.411324262619018555e-01
4.395522117614746094e+00 4.336037158966064453e+00
4.177347421646118164e-01 3.964074850082397461e-01
-1.365285277366638184e+00 -1.233457446098327637e+00
1.523442029953002930e+00 1.281157016754150391e+00
6.650825738906860352e-01 3.634821772575378418e-01
-3.959936499595642090e-01 -3.288264572620391846e-01
-2.627442121505737305e+00 -2.616547584533691406e+00
-1.479357779026031494e-01 -2.743796706199645996e-01
7.610821127891540527e-01 8.051379919052124023e-01
2.530077695846557617e+00 2.668473005294799805e+00
1.440004706382751465e-01 4.944971948862075806e-02
1.722598671913146973e+00 1.819189071655273438e+00
-5.754842758178710938e-01 -4.610413610935211182e-01
-7.232813239097595215e-01 -8.319198489189147949e-01
-1.245054602622985840e+00 -1.428217887878417969e+00
8.254790902137756348e-01 7.351781725883483887e-01
-1.956337928771972656e+00 -1.891980528831481934e+00
-6.492063403129577637e-01 -7.042480707168579102e-01
1.574263215065002441e+00 1.424660205841064453e+00
-2.311552613973617554e-01 -2.535282075405120850e-01
5.963519215583801270e-01 5.718095302581787109e-01
-2.826034128665924072e-01 -2.607938051223754883e-01
-7.877531051635742188e-01 -7.831896543502807617e-01
-3.189653873443603516e+00 -3.049364805221557617e+00
1.961842298507690430e+00 2.036169290542602539e+00
4.123640537261962891e+00 4.221258640289306641e+00
1.288717269897460938e+00 1.429265141487121582e+00
-3.904274404048919678e-01 -3.427596688270568848e-01
-3.032886743545532227e+00 -3.087381601333618164e+00
1.574993729591369629e+00 1.599012374877929688e+00
-1.118706345558166504e+00 -1.180093765258789062e+00
1.013289332389831543e+00 9.617144465446472168e-01
2.517706632614135742e+00 2.601115465164184570e+00
1.207668423652648926e+00 1.041610479354858398e+00
-9.960488677024841309e-01 -9.253543019294738770e-01
9.269111752510070801e-01 8.709486126899719238e-01
-9.615019708871841431e-02 -1.557207405567169189e-01
1.162654757499694824e+00 1.199133872985839844e+00
4.219729900360107422e+00 4.348058700561523438e+00
3.187949657440185547e-01 4.217593073844909668e-01
-2.868079754989594221e-04 2.806827425956726074e-02
-2.895264625549316406e+00 -2.847320556640625000e+00
1.284157872200012207e+00 1.321628451347351074e+00
-1.064482092857360840e+00 -1.096182942390441895e+00
3.171607851982116699e-01 4.549806118011474609e-01
3.750024080276489258e+00 3.552722930908203125e+00
3.780396938323974609e+00 3.878219842910766602e+00
-9.126070737838745117e-01 -7.424452304840087891e-01
2.366584986448287964e-01 1.322589367628097534e-01
-6.590037941932678223e-01 -6.901503205299377441e-01
1.232379078865051270e+00 1.194199085235595703e+00
2.388221979141235352e+00 2.293969392776489258e+00
-3.446125268936157227e+00 -3.400403738021850586e+00
-1.906268000602722168e+00 -1.809717893600463867e+00
4.263802528381347656e+00 4.287977218627929688e+00
-6.367767453193664551e-01 -6.561622023582458496e-01
-9.046398997306823730e-01 -8.398151397705078125e-01
-3.222088098526000977e+00 -3.239798784255981445e+00
-2.154452800750732422e+00 -2.084779500961303711e+00
-1.065626367926597595e-01 -1.333306133747100830e-01
-1.946600317955017090e+00 -1.884081959724426270e+00
-5.935819149017333984e-01 -4.497478604316711426e-01
-1.489980459213256836e+00 -1.445536255836486816e+00
-2.687091588973999023e+00 -2.696410894393920898e+00
9.762737154960632324e-01 9.312478899955749512e-01
-1.283633589744567871e+00 -1.081703662872314453e+00
-7.815581560134887695e-01 -6.983228325843811035e-01
1.298908114433288574e+00 1.380863785743713379e+00
1.352319240570068359e+00 1.470132946968078613e+00
7.686496376991271973e-01 7.879095673561096191e-01
4.675519764423370361e-01 5.586669445037841797e-01
4.147085547447204590e-01 3.016397356986999512e-01
7.682855129241943359e-01 8.041200637817382812e-01
9.498691558837890625e-01 8.128494620323181152e-01
-5.733416676521301270e-01 -7.746158242225646973e-01
-9.408730268478393555e-02 2.279318869113922119e-02
1.814133524894714355e+00 1.831519484519958496e+00
-4.351609051227569580e-01 -5.691787004470825195e-01
-1.345997489988803864e-02 -1.435255631804466248e-02
-3.743443965911865234e+00 -3.640838384628295898e+00
1.575491905212402344e+00 1.310580253601074219e+00
5.316415786743164062e+00 5.383344173431396484e+00
4.928431034088134766e+00 4.990917682647705078e+00
4.037334918975830078e+00 4.164504528045654297e+00
-5.391322374343872070e-01 -4.527575373649597168e-01
-1.066765308380126953e+00 -1.066158294677734375e+00
-2.750903129577636719e+00 -2.740675210952758789e+00
1.579171180725097656e+00 1.320329904556274414e+00
1.936013817787170410e+00 2.144364356994628906e+00
-5.818191170692443848e-01 -6.329697966575622559e-01
-2.540671586990356445e+00 -2.488671302795410156e+00
4.484980180859565735e-02 2.800168097019195557e-01
-2.494060516357421875e+00 -2.394255399703979492e+00
-2.457202911376953125e+00 -2.643769264221191406e+00
1.726735085248947144e-01 1.920855343341827393e-01
2.385720014572143555e-01 4.118942022323608398e-01
-1.093594074249267578e+00 -1.088135242462158203e+00
2.123008966445922852e+00 2.198734045028686523e+00
1.678456425666809082e+00 1.653678655624389648e+00
5.454754352569580078e+00 5.634157180786132812e+00
-1.995508074760437012e+00 -2.013049840927124023e+00
-6.018371582031250000e-01 -6.804714202880859375e-01
-3.565445661544799805e+00 -3.423354148864746094e+00
-9.618421643972396851e-02 -3.303594887256622314e-02
5.713382363319396973e-01 6.203804016113281250e-01
-1.673343062400817871e+00 -1.899129629135131836e+00
-1.114193320274353027e+00 -1.093204021453857422e+00
2.153865814208984375e+00 2.091427087783813477e+00
-9.366599321365356445e-01 -8.718665242195129395e-01
-1.373105764389038086e+00 -1.464449405670166016e+00
2.259285449981689453e+00 2.156240224838256836e+00
-2.286859989166259766e+00 -2.072005510330200195e+00
-9.889689087867736816e-01 -1.040124058723449707e+00
3.146608591079711914e+00 3.188964128494262695e+00
3.515103101730346680e+00 3.549180269241333008e+00
4.049270153045654297e-01 4.167748689651489258e-01
-3.741071522235870361e-01 -3.258678317070007324e-01
-1.470118641853332520e+00 -1.380152940750122070e+00
2.537934780120849609e+00 2.309404611587524414e+00
-3.094338476657867432e-01 -2.879506051540374756e-01
2.499682664871215820e+00 2.589020967483520508e+00
2.810380697250366211e+00 3.034960985183715820e+00
6.791671514511108398e-01 7.185307145118713379e-01
5.078012466430664062e+00 5.018626689910888672e+00
5.822565555572509766e-01 5.314148068428039551e-01
4.872145354747772217e-01 4.605262279510498047e-01
-2.299704849720001221e-01 -2.612243592739105225e-01
1.322032809257507324e+00 1.276616096496582031e+00
-2.082095384597778320e+00 -1.916257858276367188e+00
-5.681475996971130371e-01 -5.937967300415039062e-01
1.827018141746520996e+00 1.813624501228332520e+00
-4.392122924327850342e-01 -4.680599570274353027e-01
-1.668338775634765625e+00 -1.610218524932861328e+00
1.460412979125976562e+00 1.464771270751953125e+00
-7.980729937553405762e-01 -5.604573488235473633e-01
-3.477624416351318359e+00 -3.562404155731201172e+00
1.545073032379150391e+00 1.557868957519531250e+00
-8.345223665237426758e-01 -7.594863176345825195e-01
3.184273719787597656e+00 3.144201040267944336e+00
-8.327931165695190430e-01 -8.813790678977966309e-01
-6.459062695503234863e-01 -5.745456814765930176e-01
1.803321540355682373e-01 3.622986078262329102e-01
-2.189832687377929688e+00 -1.979620218276977539e+00
3.691066503524780273e-01 4.550071060657501221e-01
-1.183790326118469238e+00 -1.076429843902587891e+00
1.962790966033935547e+00 1.931505918502807617e+00
1.733686923980712891e+00 1.725823879241943359e+00
-1.628871798515319824e+00 -1.468297481536865234e+00
2.304875135421752930e+00 2.201771974563598633e+00
2.699156999588012695e-01 2.955344915390014648e-01
8.236041069030761719e-01 8.875498175621032715e-01
-9.782768487930297852e-01 -7.968537807464599609e-01
-2.913275241851806641e+00 -2.903352022171020508e+00
-2.131141126155853271e-01 -3.505361378192901611e-01
1.127081274986267090e+00 1.115852832794189453e+00
-5.318590402603149414e-01 -5.633648633956909180e-01
1.542518258094787598e+00 1.614816665649414062e+00
2.383407592773437500e+00 2.503656387329101562e+00
4.408445656299591064e-01 4.560556411743164062e-01
1.998363256454467773e+00 2.208490610122680664e+00
-1.321032762527465820e+00 -1.528108835220336914e+00
1.785955280065536499e-01 2.013382315635681152e-01
4.840396404266357422e+00 4.701248645782470703e+00
-1.113616108894348145e+00 -1.019353389739990234e+00
-3.148211002349853516e+00 -3.132181406021118164e+00
-3.598937034606933594e+00 -3.388276815414428711e+00
-1.509220898151397705e-01 -2.329456806182861328e-01
-2.638348102569580078e+00 -2.482793092727661133e+00
1.548464775085449219e+00 3.000870943069458008e-01
4.581315517425537109e-01 4.977380633354187012e-01
-4.050701558589935303e-01 -2.344142794609069824e-01
-3.112559080123901367e+00 -3.146349191665649414e+00
-2.670056581497192383e+00 -2.622715234756469727e+00
-4.454468190670013428e-01 -4.351408481597900391e-01
-6.894334554672241211e-01 -7.531767487525939941e-01
-1.745269894599914551e+00 -1.860319614410400391e+00
9.548714160919189453e-01 8.945133090019226074e-01
2.290951728820800781e+00 2.241572380065917969e+00
-9.829437732696533203e-01 -9.994878172874450684e-01
-3.143317222595214844e+00 -3.213119745254516602e+00
4.523369312286376953e+00 4.619113445281982422e+00
-2.044298797845840454e-01 -3.629088401794433594e-01
1.157473802566528320e+00 1.121157407760620117e+00
-9.211495518684387207e-01 -7.793756127357482910e-01
1.054808378219604492e+00 1.158335685729980469e+00
-2.219041347503662109e+00 -2.044522047042846680e+00
-1.004127144813537598e+00 -9.653450846672058105e-01
2.290940523147583008e+00 2.420657873153686523e+00
2.964578270912170410e-01 5.159885883331298828e-01
-2.615862369537353516e+00 -2.524291753768920898e+00
-9.873627424240112305e-01 -1.100425958633422852e+00
-2.312524020671844482e-01 -1.135763749480247498e-01
5.959548950195312500e-01 6.935339570045471191e-01
-9.145215153694152832e-02 -1.912133991718292236e-01
-2.057379245758056641e+00 -2.127412557601928711e+00
3.514448642730712891e+00 3.378093481063842773e+00
8.475898504257202148e-01 7.525606751441955566e-01
7.362667322158813477e-01 7.281728386878967285e-01
-1.097057461738586426e+00 -1.014533758163452148e+00
-1.771816611289978027e+00 -1.753666400909423828e+00
4.290294945240020752e-01 7.638288140296936035e-01
1.622559428215026855e+00 1.505121231079101562e+00
6.723218560218811035e-01 4.270962476730346680e-01
3.399294853210449219e+00 3.307649374008178711e+00
-2.433468818664550781e+00 -2.401024580001831055e+00
1.951977491378784180e+00 2.051700830459594727e+00
-2.123853921890258789e+00 -2.154317617416381836e+00
1.704322397708892822e-01 1.554290056228637695e-01
7.222999334335327148e-01 7.168776988983154297e-01
3.641902208328247070e-01 3.105202913284301758e-01
-7.770646363496780396e-02 -8.390723168849945068e-02
-2.923045635223388672e+00 -2.973191976547241211e+00
-2.357101738452911377e-01 -1.990529298782348633e-01
1.900779157876968384e-01 6.250502914190292358e-02
-2.186494588851928711e+00 -2.111212491989135742e+00
-4.596541523933410645e-01 -3.686887621879577637e-01
-2.123968839645385742e+00 -2.036401510238647461e+00
3.950059041380882263e-02 1.114253774285316467e-01
1.705762982368469238e+00 1.416775465011596680e+00
-2.616445302963256836e+00 -2.531080484390258789e+00
-3.669187128543853760e-01 -1.433271169662475586e-01
5.359789729118347168e-01 4.484190940856933594e-01
7.293698787689208984e-01 8.021746873855590820e-01
-9.920155256986618042e-02 -7.786566764116287231e-02
-1.312800884246826172e+00 -1.550659418106079102e+00
-2.027898311614990234e+00 -1.880051851272583008e+00
-1.304081082344055176e+00 -1.251490831375122070e+00
1.125695466995239258e+00 1.409529685974121094e+00
-5.370292067527770996e-01 -4.337919950485229492e-01
-2.803648710250854492e-01 -8.355382829904556274e-02
5.221334099769592285e-02 8.809912949800491333e-02
-7.520571947097778320e-01 -6.239895224571228027e-01
-2.092688798904418945e+00 -2.197591304779052734e+00
1.123545765876770020e-01 9.339873492717742920e-02
7.255834937095642090e-01 7.622275948524475098e-01
-8.173099756240844727e-01 -7.940356135368347168e-01
8.828588128089904785e-01 9.406903386116027832e-01
-3.424704790115356445e+00 -3.145577192306518555e+00
-1.707129716873168945e+00 -1.810800075531005859e+00
5.251985549926757812e+00 5.176316738128662109e+00
8.620600700378417969e-01 9.000173807144165039e-01
1.113963603973388672e+00 1.068915605545043945e+00
1.731434464454650879e+00 1.884139776229858398e+00
-1.899255156517028809e+00 -1.887745141983032227e+00
-2.204751729965209961e+00 -2.269436597824096680e+00
5.881023406982421875e-01 6.795924305915832520e-01
-1.448694586753845215e+00 -1.497941255569458008e+00
-6.914189457893371582e-01 -7.596812844276428223e-01
-5.205252021551132202e-02 2.597873210906982422e-01
1.238089561462402344e+00 1.314574360847473145e+00
-2.045485228300094604e-01 -2.219988703727722168e-01
3.333529949188232422e+00 3.381196737289428711e+00
1.330963611602783203e+00 1.270522952079772949e+00
-7.198807001113891602e-01 -7.366629242897033691e-01
-2.588627099990844727e+00 -2.606497526168823242e+00
6.522628664970397949e-01 6.181429624557495117e-01
3.122130155563354492e+00 3.103227138519287109e+00
6.161884665489196777e-01 5.091136097908020020e-01
1.900368452072143555e+00 2.016744136810302734e+00
1.374806642532348633e+00 1.309622645378112793e+00
2.999451160430908203e+00 2.965100049972534180e+00
6.971461176872253418e-01 9.272762537002563477e-01
-2.953557014465332031e+00 -2.841447591781616211e+00
3.395549058914184570e+00 3.445400476455688477e+00
6.068723797798156738e-01 5.968878865242004395e-01
1.142526268959045410e+00 1.223564624786376953e+00
1.003913879394531250e+00 1.087522625923156738e+00
-1.169071674346923828e+00 -9.987447857856750488e-01
-6.372756361961364746e-01 -5.614216923713684082e-01
7.254012227058410645e-01 5.974403619766235352e-01
2.283001661300659180e+00 2.304664850234985352e+00
-1.687297463417053223e+00 -1.676656126976013184e+00
-1.591144800186157227e-01 -1.626942455768585205e-01
-7.622166872024536133e-01 -8.261790275573730469e-01
3.898788690567016602e-01 4.036807119846343994e-01
7.987274527549743652e-01 6.861640214920043945e-01
3.574897766113281250e+00 3.655980587005615234e+00
-1.424172520637512207e+00 -1.407176733016967773e+00
3.723288536071777344e+00 3.700225830078125000e+00
-6.589595675468444824e-01 -5.986387133598327637e-01
-2.495274305343627930e+00 -2.585489034652709961e+00
-2.170428752899169922e+00 -2.232409238815307617e+00
2.494765520095825195e-01 3.187761902809143066e-01
-8.265452384948730469e-01 -1.005907535552978516e+00
-2.531057834625244141e+00 -2.485649585723876953e+00
2.665289640426635742e-01 2.831387221813201904e-01
1.743592500686645508e+00 1.881725192070007324e+00
-5.191985368728637695e-01 -5.493039488792419434e-01
2.505624294281005859e-02 2.472411394119262695e-01
4.607942998409271240e-01 5.499849915504455566e-01
1.921188235282897949e+00 1.764699101448059082e+00
1.352422595024108887e+00 8.671133518218994141e-01
4.983032703399658203e+00 5.046687126159667969e+00
3.404728174209594727e+00 3.358005285263061523e+00
4.186923205852508545e-01 2.637355029582977295e-01
1.301595449447631836e+00 1.293233394622802734e+00
4.588199853897094727e-01 3.059497177600860596e-01
-5.188031196594238281e-01 -5.526456832885742188e-01
2.531848430633544922e+00 2.666262865066528320e+00
1.862840890884399414e+00 1.904575824737548828e+00
1.065566897392272949e+00 1.138489723205566406e+00
-3.185504674911499023e+00 -3.316578626632690430e+00
1.446153402328491211e+00 1.371910095214843750e+00
-8.959221839904785156e-01 -7.756347060203552246e-01
-1.024639233946800232e-01 -2.108962535858154297e-01
-1.152217090129852295e-01 8.446174114942550659e-02
-1.702315330505371094e+00 -1.506404042243957520e+00
8.400510549545288086e-01 6.730674505233764648e-01
1.259176492691040039e+00 1.446613311767578125e+00
7.760112285614013672e-01 8.143713474273681641e-01
3.781621456146240234e+00 3.612182617187500000e+00
-4.968541562557220459e-01 -6.203464865684509277e-01
2.500716745853424072e-01 2.844109535217285156e-01
1.828168511390686035e+00 1.906119346618652344e+00
1.253815293312072754e+00 1.205455541610717773e+00
-1.833602309226989746e+00 -1.780307888984680176e+00
2.197174310684204102e+00 2.213142395019531250e+00
3.449856281280517578e+00 3.472375631332397461e+00
-1.748687386512756348e+00 -1.894035577774047852e+00
1.512429118156433105e-01 1.785866916179656982e-01
-8.218424320220947266e-01 -6.255041956901550293e-01
2.110845088958740234e+00 2.005147933959960938e+00
-2.806757688522338867e+00 -2.944181919097900391e+00
1.269867420196533203e+00 1.272849559783935547e+00
8.454138636589050293e-01 9.172791838645935059e-01
-2.523458957672119141e+00 -2.710507869720458984e+00
5.669268965721130371e-01 7.786763906478881836e-01
-3.414933919906616211e+00 -3.406493425369262695e+00
3.464870452880859375e+00 3.533057451248168945e+00
-3.803702443838119507e-02 2.688990533351898193e-01
1.540797710418701172e+00 1.637036681175231934e+00
1.226130127906799316e+00 1.125642299652099609e+00
3.698821663856506348e-01 3.898290097713470459e-01
-2.462833642959594727e+00 -2.457371234893798828e+00
3.435401678085327148e+00 3.275530099868774414e+00
-5.915201306343078613e-01 -5.463277697563171387e-01
-1.825280904769897461e+00 -1.750592231750488281e+00
-9.448219537734985352e-01 -1.202748656272888184e+00
-8.501132726669311523e-01 -8.556176424026489258e-01
-5.168213248252868652e-01 -4.522489607334136963e-01
1.130512356758117676e+00 1.176063060760498047e+00
-1.860074520111083984e+00 -1.866141796112060547e+00
1.298470616340637207e+00 1.189133524894714355e+00
2.152926623821258545e-01 1.448673009872436523e-01
-1.050442695617675781e+00 -1.160742878913879395e+00
-1.481884121894836426e+00 -1.521596431732177734e+00
-2.458203554153442383e+00 -2.325772762298583984e+00
-1.647948980331420898e+00 -1.732722282409667969e+00
4.798689484596252441e-01 3.809614777565002441e-01
-2.731165885925292969e-01 -2.122687399387359619e-01
2.350836515426635742e+00 2.217099666595458984e+00
3.136974573135375977e-01 2.752295732498168945e-01
5.491681694984436035e-01 7.372133731842041016e-01
-6.490375995635986328e-01 -4.867644906044006348e-01
-3.709744453430175781e+00 -3.548449277877807617e+00
2.041283130645751953e+00 1.865965723991394043e+00
2.118188589811325073e-01 2.988451719284057617e-01
4.704655110836029053e-01 3.765063285827636719e-01
-3.254082679748535156e+00 -3.181229591369628906e+00
-1.519713640213012695e+00 -1.467831611633300781e+00
1.319006443023681641e+00 1.181674838066101074e+00
1.097681522369384766e+00 1.140308618545532227e+00
-5.135018229484558105e-01 -6.819018721580505371e-01
5.642648935317993164e-01 8.841861486434936523e-01
1.203617930412292480e+00 1.072505116462707520e+00
-8.946897387504577637e-01 -1.239140987396240234e+00
1.414048552513122559e+00 1.474759578704833984e+00
-4.351001083850860596e-01 -4.476458430290222168e-01
-1.853310942649841309e+00 -1.888416528701782227e+00
1.984678655862808228e-01 2.018901705741882324e-01
-2.605536937713623047e+00 -2.567355394363403320e+00
-1.594705700874328613e+00 -1.586317181587219238e+00
3.750144720077514648e+00 3.996880054473876953e+00
2.251731157302856445e-01 -1.128490343689918518e-01
2.387582778930664062e+00 2.419593572616577148e+00
3.753417134284973145e-01 2.391745746135711670e-01
5.415914654731750488e-01 4.984973967075347900e-01
1.971814870834350586e+00 1.834448814392089844e+00
-1.919091045856475830e-01 -2.119437754154205322e-01
-9.818014502525329590e-01 -1.058478474617004395e+00
1.011918306350708008e+00 1.064603567123413086e+00
1.743403792381286621e+00 1.644304752349853516e+00
-1.772679805755615234e+00 -1.800432443618774414e+00
1.536740064620971680e+00 1.530377745628356934e+00
-2.016984939575195312e+00 -1.783161163330078125e+00
-5.323798656463623047e-01 -7.116375565528869629e-01
-1.038189530372619629e+00 -1.130197048187255859e+00
8.095317482948303223e-01 7.003020644187927246e-01
-3.148753881454467773e+00 -3.095682382583618164e+00
-8.028025031089782715e-01 -7.603894472122192383e-01
-2.974683046340942383e-01 -2.819736003875732422e-01
7.635334730148315430e-01 7.052040696144104004e-01
7.316967248916625977e-01 7.147632241249084473e-01
1.314954757690429688e-01 9.900777786970138550e-02
-5.936629772186279297e-01 -5.565192103385925293e-01
-9.917779564857482910e-01 -9.424049258232116699e-01
-3.215053558349609375e+00 -3.124542951583862305e+00
1.715429663658142090e+00 1.669629216194152832e+00
1.731890678405761719e+00 1.654397845268249512e+00
4.104607403278350830e-01 4.175680875778198242e-01
1.037538647651672363e+00 1.044726490974426270e+00
-2.086712837219238281e+00 -2.118633031845092773e+00
3.383601903915405273e+00 3.259299993515014648e+00
-3.802535235881805420e-01 -2.591972649097442627e-01
8.423495888710021973e-01 8.887242674827575684e-01
7.422763705253601074e-01 7.882017493247985840e-01
2.791410446166992188e+00 2.879788637161254883e+00
-3.631423711776733398e+00 -3.490200281143188477e+00
-2.927582740783691406e+00 -3.001174449920654297e+00
-3.932453155517578125e+00 -3.729962587356567383e+00
-2.595353364944458008e+00 -2.605211019515991211e+00
5.598714947700500488e-01 7.184516787528991699e-01
5.948278903961181641e+00 6.049386024475097656e+00
-1.535041689872741699e+00 -1.673724770545959473e+00
2.566324472427368164e+00 2.639626026153564453e+00
4.693245291709899902e-01 2.935857772827148438e-01
3.089496195316314697e-01 6.499790549278259277e-01
-5.756862163543701172e-01 -5.679440498352050781e-01
6.349179148674011230e-01 7.254398465156555176e-01
-1.146043777465820312e+00 -1.034961223602294922e+00
2.169408500194549561e-01 2.067009210586547852e-01
-7.941707968711853027e-01 -8.884314894676208496e-01
2.470528125762939453e+00 2.458074569702148438e+00
-1.741324663162231445e+00 -1.713466405868530273e+00
1.287509351968765259e-01 1.624107360839843750e-01
-2.049890518188476562e+00 -2.095263004302978516e+00
1.678382158279418945e+00 1.500064611434936523e+00
-4.819816350936889648e-01 -3.936007022857666016e-01
-8.944723606109619141e-01 -8.632913827896118164e-01
-1.020684018731117249e-01 1.004997566342353821e-01
-3.400699198246002197e-01 -5.319449305534362793e-01
-4.351739883422851562e-01 -1.425204277038574219e-01
-2.574305832386016846e-01 -5.125139355659484863e-01
4.341087818145751953e+00 4.325530529022216797e+00
-1.562127828598022461e+00 -1.527749538421630859e+00
1.112249374389648438e+00 9.867399930953979492e-01
-2.059246778488159180e+00 -2.084684371948242188e+00
-1.645597338676452637e+00 -1.552701234817504883e+00
2.160122692584991455e-01 -8.611765503883361816e-02
1.828028202056884766e+00 1.839640736579895020e+00
5.350223183631896973e-01 4.696276485919952393e-01
3.106141090393066406e+00 3.134791612625122070e+00
-6.783933844417333603e-03 3.159344568848609924e-02
-4.428064823150634766e-01 -4.042478799819946289e-01
1.276868462562561035e+00 1.213195204734802246e+00
1.440147757530212402e+00 1.354783773422241211e+00
2.413449734449386597e-01 3.008181452751159668e-01
7.650457620620727539e-01 7.541860342025756836e-01
-1.213203221559524536e-01 -9.878706187009811401e-02
-1.279304027557373047e+00 -1.349708080291748047e+00
-8.088216781616210938e-01 -9.196586012840270996e-01
1.196367383003234863e+00 1.238013505935668945e+00
2.398399829864501953e+00 2.034287214279174805e+00
-1.651428937911987305e+00 -1.951359987258911133e+00
-3.204098463058471680e+00 -3.052562236785888672e+00
1.389019966125488281e+00 1.384032487869262695e+00
3.564861059188842773e+00 3.426493883132934570e+00
1.778853297233581543e+00 1.878450632095336914e+00
4.721381664276123047e+00 4.796513080596923828e+00
2.973662376403808594e+00 3.038291692733764648e+00
1.176488399505615234e+00 1.204679727554321289e+00
-9.345672130584716797e-01 -9.692609906196594238e-01
-3.169286727905273438e+00 -3.201049327850341797e+00
9.085404872894287109e-02 -5.141764879226684570e-03
1.934243738651275635e-01 1.899975836277008057e-01
-2.916276216506958008e+00 -2.929865598678588867e+00
7.627097964286804199e-01 8.052167296409606934e-01
2.553529739379882812e-01 2.868624329566955566e-01
-1.318114399909973145e+00 -1.369257926940917969e+00
-2.374265342950820923e-01 -2.972445487976074219e-01
-2.064767181873321533e-01 -2.156005501747131348e-01
